	   1.00000	[mu]: (1.057143e+00, 1.493890e+00, 1.319460e+00, 1.616643e+00, 1.583762e+00, 1.467121e+00, 1.574172e+00, 1.435688e+00, 1.741500e+00, 1.313049e+00)		[cov]: ((9.661567e-01, 2.099698e-02, -3.057017e-02, 2.822299e-02, -4.300316e-02, 1.583002e-02, 5.209871e-02, -8.788452e-04, 2.442197e-02, 3.504099e-02)(2.099698e-02, 9.806861e-01, -1.448652e-02, 2.988420e-02, 2.074752e-02, -4.817581e-02, 8.993762e-03, 5.242264e-02, -1.297504e-02, -1.259065e-02)(-3.057017e-02, -1.448652e-02, 9.531136e-01, 4.920057e-03, -2.024163e-02, -5.872541e-02, 3.857724e-02, -5.715080e-03, -2.983006e-03, 5.475971e-02)(2.822299e-02, 2.988420e-02, 4.920057e-03, 1.007486e+00, -5.055851e-03, -5.342125e-02, 2.138144e-02, 2.245226e-02, -7.698617e-02, 1.698000e-02)(-4.300316e-02, 2.074752e-02, -2.024163e-02, -5.055851e-03, 1.049127e+00, -1.264592e-02, -1.262063e-02, 8.795276e-03, -4.367761e-03, 1.585157e-02)(1.583002e-02, -4.817581e-02, -5.872541e-02, -5.342125e-02, -1.264592e-02, 1.064884e+00, 7.378142e-02, 6.722102e-03, 1.080230e-02, 1.270460e-02)(5.209871e-02, 8.993762e-03, 3.857724e-02, 2.138144e-02, -1.262063e-02, 7.378142e-02, 1.011086e+00, 1.095851e-02, 2.653957e-02, -3.391998e-02)(-8.788452e-04, 5.242264e-02, -5.715080e-03, 2.245226e-02, 8.795276e-03, 6.722102e-03, 1.095851e-02, 1.048442e+00, 9.415134e-02, -3.948729e-02)(2.442197e-02, -1.297504e-02, -2.983006e-03, -7.698617e-02, -4.367761e-03, 1.080230e-02, 2.653957e-02, 9.415134e-02, 1.093849e+00, -2.091474e-02)(3.504099e-02, -1.259065e-02, 5.475971e-02, 1.698000e-02, 1.585157e-02, 1.270460e-02, -3.391998e-02, -3.948729e-02, -2.091474e-02, 1.013841e+00))
