	   0.14202	[mu]: (4.371, -5.163, 1.218, 3.696, 4.446)		[cov]: ((6.268136e+01, 2.893435e+01, 2.933165e+01, 1.688641e+01, 3.622584e+01)(2.893435e+01, 2.444005e+01, 2.660478e+01, 8.554889e+00, 2.253711e+01)(2.933165e+01, 2.660478e+01, 3.914628e+01, 9.848009e+00, 3.255641e+01)(1.688641e+01, 8.554889e+00, 9.848009e+00, 6.474461e+00, 8.985443e+00)(3.622584e+01, 2.253711e+01, 3.255641e+01, 8.985443e+00, 3.470958e+01))
	   0.05480	[mu]: (4.018, 4.540, -3.588, 1.874, 0.664)		[cov]: ((2.956249e+01, 2.459621e+01, 3.092539e+01, 3.482944e+01, 1.823941e+01)(2.459621e+01, 2.838511e+01, 2.930423e+01, 2.650207e+01, 2.222149e+01)(3.092539e+01, 2.930423e+01, 4.266524e+01, 3.724764e+01, 2.404662e+01)(3.482944e+01, 2.650207e+01, 3.724764e+01, 4.630990e+01, 1.440729e+01)(1.823941e+01, 2.222149e+01, 2.404662e+01, 1.440729e+01, 2.473783e+01))
	   0.01672	[mu]: (-0.422, -2.636, -7.832, -0.796, -6.288)		[cov]: ((9.364133e+00, 1.381943e+01, 7.100337e+00, 4.895586e+00, 1.426744e+01)(1.381943e+01, 2.596765e+01, 1.346109e+01, 7.376955e+00, 2.378031e+01)(7.100337e+00, 1.346109e+01, 2.022840e+01, 5.946313e+00, 1.552586e+01)(4.895586e+00, 7.376955e+00, 5.946313e+00, 4.067971e+00, 6.596147e+00)(1.426744e+01, 2.378031e+01, 1.552586e+01, 6.596147e+00, 2.573043e+01))
	   0.01980	[mu]: (2.049, -2.649, 6.118, -3.920, -1.232)		[cov]: ((3.394487e+01, 2.550918e+01, 4.258103e+01, 3.289401e+01, 2.420418e+01)(2.550918e+01, 3.183301e+01, 1.970429e+01, 1.244604e+01, 1.237250e+01)(4.258103e+01, 1.970429e+01, 7.101590e+01, 4.973125e+01, 4.319273e+01)(3.289401e+01, 1.244604e+01, 4.973125e+01, 4.697306e+01, 2.501576e+01)(2.420418e+01, 1.237250e+01, 4.319273e+01, 2.501576e+01, 2.941729e+01))
	   0.03121	[mu]: (-3.272, 2.522, 0.828, 2.907, -1.693)		[cov]: ((5.506995e+01, 1.462026e+01, 2.263393e+01, 4.581772e+01, 3.294808e+01)(1.462026e+01, 9.006717e+00, 4.109467e+00, 1.486238e+01, 1.678885e+01)(2.263393e+01, 4.109467e+00, 2.097834e+01, 2.553636e+01, 2.095116e+01)(4.581772e+01, 1.486238e+01, 2.553636e+01, 4.516111e+01, 3.992563e+01)(3.294808e+01, 1.678885e+01, 2.095116e+01, 3.992563e+01, 4.678681e+01))
	   0.14093	[mu]: (-0.342, -2.853, -3.867, 2.589, -2.529)		[cov]: ((4.392241e+01, 2.309236e+01, 4.171538e+01, 2.069627e+01, 3.547528e+01)(2.309236e+01, 2.412783e+01, 2.405784e+01, 1.579289e+01, 1.011523e+01)(4.171538e+01, 2.405784e+01, 6.146384e+01, 2.860700e+01, 3.304399e+01)(2.069627e+01, 1.579289e+01, 2.860700e+01, 2.921329e+01, 1.867833e+01)(3.547528e+01, 1.011523e+01, 3.304399e+01, 1.867833e+01, 3.666226e+01))
	   0.09046	[mu]: (-5.051, -0.750, -4.449, 1.149, 0.911)		[cov]: ((1.278005e+01, 2.286706e+01, 6.369745e+00, 4.646335e+00, 2.449379e+01)(2.286706e+01, 4.856270e+01, 1.958551e+01, 9.855716e+00, 4.526906e+01)(6.369745e+00, 1.958551e+01, 3.881885e+01, 1.861089e+01, 1.704978e+01)(4.646335e+00, 9.855716e+00, 1.861089e+01, 1.677792e+01, 8.649299e+00)(2.449379e+01, 4.526906e+01, 1.704978e+01, 8.649299e+00, 6.077536e+01))
	   0.15144	[mu]: (-0.920, -0.525, -0.137, 4.783, 4.642)		[cov]: ((3.105549e+01, 1.013713e+01, 1.843054e+01, 2.958768e+01, 2.547028e+01)(1.013713e+01, 4.934208e+00, 9.384908e+00, 9.705954e+00, 1.114675e+01)(1.843054e+01, 9.384908e+00, 2.273883e+01, 1.529145e+01, 2.559864e+01)(2.958768e+01, 9.705954e+00, 1.529145e+01, 3.633287e+01, 2.019805e+01)(2.547028e+01, 1.114675e+01, 2.559864e+01, 2.019805e+01, 3.699807e+01))
	   0.05793	[mu]: (3.020, 2.750, 3.647, -3.327, -3.668)		[cov]: ((2.560833e+01, 3.059075e+01, 2.824276e+01, 3.891326e+01, 2.977232e+01)(3.059075e+01, 6.571048e+01, 2.764820e+01, 5.990917e+01, 4.596856e+01)(2.824276e+01, 2.764820e+01, 3.517023e+01, 4.062685e+01, 2.920595e+01)(3.891326e+01, 5.990917e+01, 4.062685e+01, 8.468989e+01, 5.549635e+01)(2.977232e+01, 4.596856e+01, 2.920595e+01, 5.549635e+01, 4.118243e+01))
	   0.29468	[mu]: (4.795, 4.297, -4.881, -1.106, 1.289)		[cov]: ((6.153438e+01, 3.996437e+01, 5.457614e+01, 6.482833e+01, 4.490683e+01)(3.996437e+01, 3.380567e+01, 3.761166e+01, 4.114393e+01, 3.526621e+01)(5.457614e+01, 3.761166e+01, 5.557456e+01, 5.844349e+01, 4.307514e+01)(6.482833e+01, 4.114393e+01, 5.844349e+01, 7.286824e+01, 4.369078e+01)(4.490683e+01, 3.526621e+01, 4.307514e+01, 4.369078e+01, 4.025027e+01))
