	0.06059		[mu]: (-1.761, -5.335, -6.511, -0.382, -2.902)		[cov]: ((4.295975e+01, 1.844147e+01, 4.491307e+01, 1.916280e+01, 3.754479e+01)(1.844147e+01, 1.439123e+01, 2.030945e+01, 1.108740e+01, 1.181644e+01)(4.491307e+01, 2.030945e+01, 6.247878e+01, 2.579426e+01, 3.922254e+01)(1.916280e+01, 1.108740e+01, 2.579426e+01, 2.436312e+01, 1.945066e+01)(3.754479e+01, 1.181644e+01, 3.922254e+01, 1.945066e+01, 3.722826e+01))
	0.16792		[mu]: (-0.965, -0.563, -0.182, 4.752, 4.609)		[cov]: ((3.092943e+01, 1.016259e+01, 1.838311e+01, 2.947326e+01, 2.537744e+01)(1.016259e+01, 5.004503e+00, 9.411456e+00, 9.741037e+00, 1.122577e+01)(1.838311e+01, 9.411456e+00, 2.266798e+01, 1.531410e+01, 2.552548e+01)(2.947326e+01, 9.741037e+00, 1.531410e+01, 3.629497e+01, 2.018327e+01)(2.537744e+01, 1.122577e+01, 2.552548e+01, 2.018327e+01, 3.662732e+01))
	0.02370		[mu]: (-3.275, 2.520, 0.821, 2.901, -1.697)		[cov]: ((5.332249e+01, 1.414828e+01, 2.191172e+01, 4.435661e+01, 3.189234e+01)(1.414828e+01, 8.720371e+00, 3.955430e+00, 1.437476e+01, 1.625184e+01)(2.191172e+01, 3.955430e+00, 2.030812e+01, 2.470253e+01, 2.023597e+01)(4.435661e+01, 1.437476e+01, 2.470253e+01, 4.370011e+01, 3.862411e+01)(3.189234e+01, 1.625184e+01, 2.023597e+01, 3.862411e+01, 4.528303e+01))
	0.08730		[mu]: (-5.060, -0.587, -4.600, 1.094, 1.076)		[cov]: ((1.299855e+01, 2.338470e+01, 6.405203e+00, 4.671633e+00, 2.498518e+01)(2.338470e+01, 4.889010e+01, 2.078917e+01, 1.043137e+01, 4.530055e+01)(6.405203e+00, 2.078917e+01, 3.849619e+01, 1.830654e+01, 1.854463e+01)(4.671633e+00, 1.043137e+01, 1.830654e+01, 1.653373e+01, 9.533880e+00)(2.498518e+01, 4.530055e+01, 1.854463e+01, 9.533880e+00, 6.013290e+01))
	0.06708		[mu]: (2.866, 2.781, -4.766, 1.102, -1.041)		[cov]: ((2.774588e+01, 2.769063e+01, 2.892968e+01, 2.969064e+01, 2.237253e+01)(2.769063e+01, 3.723345e+01, 3.166510e+01, 2.582095e+01, 3.128980e+01)(2.892968e+01, 3.166510e+01, 3.993511e+01, 3.208138e+01, 2.733162e+01)(2.969064e+01, 2.582095e+01, 3.208138e+01, 3.768025e+01, 1.575262e+01)(2.237253e+01, 3.128980e+01, 2.733162e+01, 1.575262e+01, 3.310004e+01))
	0.10142		[mu]: (0.738, 1.692, -6.633, -4.554, -1.585)		[cov]: ((6.011692e+01, 3.855141e+01, 5.668037e+01, 6.683473e+01, 4.222939e+01)(3.855141e+01, 3.344788e+01, 3.809218e+01, 4.273115e+01, 3.290372e+01)(5.668037e+01, 3.809218e+01, 5.774965e+01, 6.406152e+01, 4.166745e+01)(6.683473e+01, 4.273115e+01, 6.406152e+01, 7.771473e+01, 4.471776e+01)(4.222939e+01, 3.290372e+01, 4.166745e+01, 4.471776e+01, 3.541321e+01))
	0.14185		[mu]: (4.362, -5.300, 1.108, 3.645, 4.489)		[cov]: ((6.311852e+01, 2.959453e+01, 2.977342e+01, 1.709402e+01, 3.620254e+01)(2.959453e+01, 2.399743e+01, 2.632220e+01, 8.401776e+00, 2.321640e+01)(2.977342e+01, 2.632220e+01, 3.886597e+01, 9.647244e+00, 3.297371e+01)(1.709402e+01, 8.401776e+00, 9.647244e+00, 6.379102e+00, 9.122535e+00)(3.620254e+01, 2.321640e+01, 3.297371e+01, 9.122535e+00, 3.441763e+01))
	0.08001		[mu]: (2.511, 1.142, 4.215, -2.661, -2.919)		[cov]: ((2.693867e+01, 2.819278e+01, 2.940232e+01, 3.219028e+01, 2.627552e+01)(2.819278e+01, 5.701857e+01, 2.097074e+01, 4.140658e+01, 3.172038e+01)(2.940232e+01, 2.097074e+01, 4.226362e+01, 3.890044e+01, 3.144524e+01)(3.219028e+01, 4.140658e+01, 3.890044e+01, 7.450718e+01, 4.411244e+01)(2.627552e+01, 3.172038e+01, 3.144524e+01, 4.411244e+01, 3.782866e+01))
	0.19940		[mu]: (6.840, 5.616, -3.993, 0.635, 2.741)		[cov]: ((4.900019e+01, 3.215770e+01, 4.760218e+01, 5.251426e+01, 3.682401e+01)(3.215770e+01, 2.847788e+01, 3.354425e+01, 3.309157e+01, 3.035403e+01)(4.760218e+01, 3.354425e+01, 5.171354e+01, 5.056637e+01, 3.951475e+01)(5.251426e+01, 3.309157e+01, 5.056637e+01, 6.072627e+01, 3.517705e+01)(3.682401e+01, 3.035403e+01, 3.951475e+01, 3.517705e+01, 3.589025e+01))
	0.07074		[mu]: (0.840, -0.811, -1.986, 4.871, -2.253)		[cov]: ((4.291623e+01, 2.231971e+01, 3.295341e+01, 1.519964e+01, 3.368666e+01)(2.231971e+01, 2.304388e+01, 1.745697e+01, 8.700326e+00, 8.074053e+00)(3.295341e+01, 1.745697e+01, 4.829232e+01, 1.773194e+01, 2.525472e+01)(1.519964e+01, 8.700326e+00, 1.773194e+01, 1.832908e+01, 1.530792e+01)(3.368666e+01, 8.074053e+00, 2.525472e+01, 1.530792e+01, 3.581085e+01))
