	   1.00000	[mu]: (6.277365e-02, -1.181241e-01, 4.508348e-02, 1.712787e-02, -1.058294e-01, 7.688325e-02, -1.776621e-01, -2.013296e-01, 1.280287e-01, 1.644685e-01)		[cov]: ((6.736853e+05, 6.735775e+05, 6.735619e+05, 6.736011e+05, 6.737338e+05, 6.735638e+05, 6.734967e+05, 6.734796e+05, 6.735866e+05, 6.734677e+05)(6.735775e+05, 6.734718e+05, 6.734555e+05, 6.734944e+05, 6.736271e+05, 6.734574e+05, 6.733901e+05, 6.733733e+05, 6.734803e+05, 6.733613e+05)(6.735619e+05, 6.734555e+05, 6.734405e+05, 6.734788e+05, 6.736116e+05, 6.734418e+05, 6.733745e+05, 6.733577e+05, 6.734647e+05, 6.733456e+05)(6.736011e+05, 6.734944e+05, 6.734788e+05, 6.735188e+05, 6.736505e+05, 6.734808e+05, 6.734135e+05, 6.733967e+05, 6.735037e+05, 6.733848e+05)(6.737338e+05, 6.736271e+05, 6.736116e+05, 6.736505e+05, 6.737843e+05, 6.736134e+05, 6.735463e+05, 6.735293e+05, 6.736362e+05, 6.735174e+05)(6.735638e+05, 6.734574e+05, 6.734418e+05, 6.734808e+05, 6.736134e+05, 6.734448e+05, 6.733763e+05, 6.733595e+05, 6.734667e+05, 6.733477e+05)(6.734967e+05, 6.733901e+05, 6.733745e+05, 6.734135e+05, 6.735463e+05, 6.733763e+05, 6.733101e+05, 6.732925e+05, 6.733992e+05, 6.732804e+05)(6.734796e+05, 6.733733e+05, 6.733577e+05, 6.733967e+05, 6.735293e+05, 6.733595e+05, 6.732925e+05, 6.732766e+05, 6.733827e+05, 6.732636e+05)(6.735866e+05, 6.734803e+05, 6.734647e+05, 6.735037e+05, 6.736362e+05, 6.734667e+05, 6.733992e+05, 6.733827e+05, 6.734905e+05, 6.733704e+05)(6.734677e+05, 6.733613e+05, 6.733456e+05, 6.733848e+05, 6.735174e+05, 6.733477e+05, 6.732804e+05, 6.732636e+05, 6.733704e+05, 6.732526e+05))
