	   1.00000	[mu]: (-1.532108e+00, 2.007674e+00, 8.733094e-01, 4.125515e+00, 2.081047e+00, 2.739024e+00, -3.569780e+00, -4.274351e+00, -2.296254e+00, 3.905198e-01)		[cov]: ((1.289325e+02, 5.551536e+01, 1.174746e+02, 6.665255e+01, 9.257381e+01, 5.566828e+01, 9.198657e+01, 7.436472e+01, 7.156388e+01, 7.540047e+01)(5.551536e+01, 5.573982e+01, 5.383654e+01, 3.224149e+01, 6.102543e+01, 3.803725e+01, 4.761777e+01, 4.164010e+01, 4.613629e+01, 3.804282e+01)(1.174746e+02, 5.383654e+01, 1.174032e+02, 7.136048e+01, 8.109048e+01, 5.994027e+01, 7.991819e+01, 7.627865e+01, 7.144511e+01, 7.731745e+01)(6.665255e+01, 3.224149e+01, 7.136048e+01, 6.133095e+01, 3.978595e+01, 3.315868e+01, 3.980032e+01, 5.527003e+01, 4.037926e+01, 4.843578e+01)(9.257381e+01, 6.102543e+01, 8.109048e+01, 3.978595e+01, 9.325487e+01, 5.126803e+01, 7.534308e+01, 5.471049e+01, 6.149661e+01, 5.900242e+01)(5.566828e+01, 3.803725e+01, 5.994027e+01, 3.315868e+01, 5.126803e+01, 4.359413e+01, 4.306632e+01, 4.203317e+01, 4.386129e+01, 4.354079e+01)(9.198657e+01, 4.761777e+01, 7.991819e+01, 3.980032e+01, 7.534308e+01, 4.306632e+01, 8.669807e+01, 5.323274e+01, 4.774883e+01, 4.781870e+01)(7.436472e+01, 4.164010e+01, 7.627865e+01, 5.527003e+01, 5.471049e+01, 4.203317e+01, 5.323274e+01, 5.881038e+01, 4.669759e+01, 5.505407e+01)(7.156388e+01, 4.613629e+01, 7.144511e+01, 4.037926e+01, 6.149661e+01, 4.386129e+01, 4.774883e+01, 4.669759e+01, 5.646455e+01, 4.995458e+01)(7.540047e+01, 3.804282e+01, 7.731745e+01, 4.843578e+01, 5.900242e+01, 4.354079e+01, 4.781870e+01, 5.505407e+01, 4.995458e+01, 6.601762e+01))
