	0.06508		[mu]: (1.197968e+00, 7.119796e+00, 1.109209e+01)		[cov]: ((5.793368e+00, -1.590906e+00, 1.345682e+00)(-1.590906e+00, 1.081567e+00, -2.702528e-01)(1.345682e+00, -2.702528e-01, 1.301963e+00))
	0.08175		[mu]: (-9.320180e+00, 5.674097e+00, 3.440590e+00)		[cov]: ((3.863583e+00, 4.210681e+00, 1.626774e-01)(4.210681e+00, 8.290013e+00, 5.732347e-01)(1.626774e-01, 5.732347e-01, 1.248398e+00))
	0.02372		[mu]: (-1.384712e+00, -8.961178e+00, 7.836959e+00)		[cov]: ((1.806666e+00, -9.983267e-01, -2.089290e-01)(-9.983267e-01, 1.096660e+00, 5.234770e-01)(-2.089290e-01, 5.234770e-01, 9.437474e-01))
	0.05581		[mu]: (7.553443e+00, 5.956272e+00, 5.698473e+00)		[cov]: ((3.757302e+00, -4.693699e+00, 4.905082e-01)(-4.693699e+00, 7.476631e+00, -6.472351e-01)(4.905082e-01, -6.472351e-01, 1.345046e+00))
	0.08335		[mu]: (5.931657e+00, 3.232487e+00, 1.202219e+01)		[cov]: ((1.649821e+00, -1.351915e+00, 2.798509e-01)(-1.351915e+00, 4.337565e+00, -1.137944e+00)(2.798509e-01, -1.137944e+00, 1.513797e+00))
	0.08815		[mu]: (-6.455954e+00, -5.145677e+00, 8.755672e+00)		[cov]: ((3.241518e+00, -3.843973e+00, -3.465841e-01)(-3.843973e+00, 7.770899e+00, 1.238253e+00)(-3.465841e-01, 1.238253e+00, 1.340684e+00))
	0.10284		[mu]: (-1.946717e+00, -1.128484e+01, 1.651479e+00)		[cov]: ((1.401156e+01, -2.822598e+00, -1.733184e+00)(-2.822598e+00, 1.605329e+00, 2.988624e-01)(-1.733184e+00, 2.988624e-01, 1.148353e+00))
	0.08159		[mu]: (9.514269e+00, -1.001315e+00, 6.380673e+00)		[cov]: ((1.312758e+00, 1.962780e+00, -2.072154e-01)(1.962780e+00, 8.360865e+00, -1.392966e+00)(-2.072154e-01, -1.392966e+00, 1.221157e+00))
	0.05395		[mu]: (-4.560037e+00, 5.308703e+00, 1.018713e+01)		[cov]: ((6.907641e+00, 3.518750e+00, 1.977936e+00)(3.518750e+00, 2.740573e+00, 1.257639e+00)(1.977936e+00, 1.257639e+00, 1.070590e+00))
	0.05564		[mu]: (-7.058534e+00, 3.312068e+00, 9.799718e+00)		[cov]: ((1.762743e+00, 3.183283e+00, 5.930035e-02)(3.183283e+00, 7.308942e+00, 8.741687e-01)(5.930035e-02, 8.741687e-01, 1.164230e+00))
	0.08389		[mu]: (4.322410e+00, -8.001792e+00, 7.521673e+00)		[cov]: ((5.707719e+00, 2.296428e+00, -1.263557e+00)(2.296428e+00, 1.703522e+00, -5.923579e-01)(-1.263557e+00, -5.923579e-01, 1.444792e+00))
	0.04545		[mu]: (3.147951e+00, 9.814461e+00, 5.176798e+00)		[cov]: ((9.159815e+00, -3.730580e+00, 2.261535e-01)(-3.730580e+00, 2.167007e+00, 1.497754e-01)(2.261535e-01, 1.497754e-01, 5.264879e-01))
	0.07593		[mu]: (-1.012168e+01, -4.345702e+00, 2.728658e+00)		[cov]: ((3.350344e+00, -4.629156e+00, -5.405038e-01)(-4.629156e+00, 1.018753e+01, 9.529294e-01)(-5.405038e-01, 9.529294e-01, 7.643073e-01))
	0.02688		[mu]: (-4.454645e+00, 9.569711e+00, 4.069588e+00)		[cov]: ((4.871720e+00, 1.421670e+00, -2.937126e-01)(1.421670e+00, 7.325314e-01, -1.000896e-01)(-2.937126e-01, -1.000896e-01, 3.752725e-01))
	0.07596		[mu]: (1.000204e+01, -6.857165e+00, 6.724558e-01)		[cov]: ((5.202831e+00, 5.769877e+00, -2.721145e-02)(5.769877e+00, 9.746584e+00, -2.069984e-01)(-2.721145e-02, -2.069984e-01, 8.651258e-01))
