	0.50316		[mu]: (-1.649947e+00, -2.729440e-01, -8.592050e-01, 1.779490e+00, -8.601934e-01, -3.103148e+00, -3.114190e-01, -2.667965e+00, 7.131214e-01, 2.468403e+00, 1.281782e+00, -9.525518e-01, -4.197060e+00, 4.939624e-01, -8.663087e-01, 3.686427e-01, 1.993516e+00, 3.176217e-01, -2.756487e+00, -1.788637e+00)		[cov]: ((3.881233e+01, 1.356152e+01, 2.702316e+01, 2.274497e+01, 2.347857e+01, 2.112909e+01, 1.960789e+01, 2.290886e+01, 2.237671e+01, 2.330497e+01, 2.321787e+01, 2.369448e+01, 2.053515e+01, 2.932894e+01, 2.115009e+01, 2.498548e+01, 2.286304e+01, 2.457839e+01, 2.451592e+01, 2.316785e+01)(1.356152e+01, 4.172215e+01, 1.783886e+01, 2.462198e+01, 1.454279e+01, 2.113027e+01, 2.210651e+01, 2.094249e+01, 1.933662e+01, 1.881585e+01, 1.811513e+01, 2.362197e+01, 2.043602e+01, 1.276827e+01, 2.834012e+01, 1.477897e+01, 1.571339e+01, 9.315509e+00, 2.586469e+01, 1.781273e+01)(2.702316e+01, 1.783886e+01, 3.380849e+01, 2.565356e+01, 2.184661e+01, 2.155307e+01, 1.422010e+01, 2.275123e+01, 2.500342e+01, 2.515817e+01, 2.738121e+01, 2.519416e+01, 2.209737e+01, 2.861332e+01, 2.510399e+01, 2.819445e+01, 2.435444e+01, 2.628085e+01, 2.257396e+01, 2.508277e+01)(2.274497e+01, 2.462198e+01, 2.565356e+01, 3.817660e+01, 1.841927e+01, 1.869843e+01, 2.122079e+01, 1.891058e+01, 2.379902e+01, 2.844761e+01, 2.393722e+01, 2.534603e+01, 1.947951e+01, 2.341107e+01, 2.786397e+01, 2.235127e+01, 2.426684e+01, 2.165573e+01, 2.183909e+01, 2.167906e+01)(2.347857e+01, 1.454279e+01, 2.184661e+01, 1.841927e+01, 2.594880e+01, 1.583043e+01, 1.632258e+01, 1.934137e+01, 1.947510e+01, 1.756274e+01, 2.006092e+01, 1.775240e+01, 2.029822e+01, 2.111203e+01, 2.094500e+01, 1.934000e+01, 1.541271e+01, 1.919199e+01, 1.666464e+01, 2.036757e+01)(2.112909e+01, 2.113027e+01, 2.155307e+01, 1.869843e+01, 1.583043e+01, 3.114728e+01, 1.685229e+01, 2.106729e+01, 1.829694e+01, 1.978373e+01, 1.763653e+01, 2.288870e+01, 1.688665e+01, 1.843187e+01, 2.112079e+01, 1.707404e+01, 1.863279e+01, 1.571440e+01, 2.635982e+01, 1.975748e+01)(1.960789e+01, 2.210651e+01, 1.422010e+01, 2.122079e+01, 1.632258e+01, 1.685229e+01, 2.980730e+01, 2.110475e+01, 1.752339e+01, 1.918619e+01, 1.195854e+01, 1.734375e+01, 1.654559e+01, 1.449302e+01, 2.096617e+01, 9.874851e+00, 1.340568e+01, 7.328044e+00, 2.347025e+01, 1.205964e+01)(2.290886e+01, 2.094249e+01, 2.275123e+01, 1.891058e+01, 1.934137e+01, 2.106729e+01, 2.110475e+01, 2.983494e+01, 2.178536e+01, 1.911826e+01, 2.027513e+01, 2.245723e+01, 2.163423e+01, 2.099930e+01, 2.417848e+01, 1.872373e+01, 1.771104e+01, 1.599121e+01, 2.342350e+01, 1.994698e+01)(2.237671e+01, 1.933662e+01, 2.500342e+01, 2.379902e+01, 1.947510e+01, 1.829694e+01, 1.752339e+01, 2.178536e+01, 3.012115e+01, 2.387043e+01, 2.323632e+01, 2.338625e+01, 2.137163e+01, 2.295207e+01, 2.476158e+01, 2.315012e+01, 2.087720e+01, 2.174032e+01, 1.929125e+01, 2.217238e+01)(2.330497e+01, 1.881585e+01, 2.515817e+01, 2.844761e+01, 1.756274e+01, 1.978373e+01, 1.918619e+01, 1.911826e+01, 2.387043e+01, 3.192759e+01, 2.197805e+01, 2.398691e+01, 1.906458e+01, 2.287384e+01, 2.414408e+01, 2.329082e+01, 2.420727e+01, 2.167301e+01, 2.199407e+01, 2.067894e+01)(2.321787e+01, 1.811513e+01, 2.738121e+01, 2.393722e+01, 2.006092e+01, 1.763653e+01, 1.195854e+01, 2.027513e+01, 2.323632e+01, 2.197805e+01, 3.666467e+01, 2.659362e+01, 2.100827e+01, 2.952420e+01, 2.571456e+01, 2.874277e+01, 2.359957e+01, 2.805896e+01, 1.645330e+01, 2.382530e+01)(2.369448e+01, 2.362197e+01, 2.519416e+01, 2.534603e+01, 1.775240e+01, 2.288870e+01, 1.734375e+01, 2.245723e+01, 2.338625e+01, 2.398691e+01, 2.659362e+01, 3.294275e+01, 2.249358e+01, 2.396696e+01, 2.705009e+01, 2.462129e+01, 2.448938e+01, 2.249122e+01, 2.427482e+01, 2.350565e+01)(2.053515e+01, 2.043602e+01, 2.209737e+01, 1.947951e+01, 2.029822e+01, 1.688665e+01, 1.654559e+01, 2.163423e+01, 2.137163e+01, 1.906458e+01, 2.100827e+01, 2.249358e+01, 2.813847e+01, 2.095366e+01, 2.383095e+01, 2.136911e+01, 1.722507e+01, 1.851241e+01, 1.849983e+01, 2.019187e+01)(2.932894e+01, 1.276827e+01, 2.861332e+01, 2.341107e+01, 2.111203e+01, 1.843187e+01, 1.449302e+01, 2.099930e+01, 2.295207e+01, 2.287384e+01, 2.952420e+01, 2.396696e+01, 2.095366e+01, 3.643740e+01, 2.330677e+01, 2.803655e+01, 2.429884e+01, 2.768571e+01, 1.829104e+01, 2.288169e+01)(2.115009e+01, 2.834012e+01, 2.510399e+01, 2.786397e+01, 2.094500e+01, 2.112079e+01, 2.096617e+01, 2.417848e+01, 2.476158e+01, 2.414408e+01, 2.571456e+01, 2.705009e+01, 2.383095e+01, 2.330677e+01, 3.501564e+01, 2.196446e+01, 2.108853e+01, 2.046917e+01, 2.311980e+01, 2.355784e+01)(2.498548e+01, 1.477897e+01, 2.819445e+01, 2.235127e+01, 1.934000e+01, 1.707404e+01, 9.874851e+00, 1.872373e+01, 2.315012e+01, 2.329082e+01, 2.874277e+01, 2.462129e+01, 2.136911e+01, 2.803655e+01, 2.196446e+01, 3.621777e+01, 2.485872e+01, 2.695218e+01, 1.492404e+01, 2.366118e+01)(2.286304e+01, 1.571339e+01, 2.435444e+01, 2.426684e+01, 1.541271e+01, 1.863279e+01, 1.340568e+01, 1.771104e+01, 2.087720e+01, 2.420727e+01, 2.359957e+01, 2.448938e+01, 1.722507e+01, 2.429884e+01, 2.108853e+01, 2.485872e+01, 2.956850e+01, 2.350130e+01, 2.006782e+01, 2.155083e+01)(2.457839e+01, 9.315509e+00, 2.628085e+01, 2.165573e+01, 1.919199e+01, 1.571440e+01, 7.328044e+00, 1.599121e+01, 2.174032e+01, 2.167301e+01, 2.805896e+01, 2.249122e+01, 1.851241e+01, 2.768571e+01, 2.046917e+01, 2.695218e+01, 2.350130e+01, 3.426205e+01, 1.421236e+01, 2.396659e+01)(2.451592e+01, 2.586469e+01, 2.257396e+01, 2.183909e+01, 1.666464e+01, 2.635982e+01, 2.347025e+01, 2.342350e+01, 1.929125e+01, 2.199407e+01, 1.645330e+01, 2.427482e+01, 1.849983e+01, 1.829104e+01, 2.311980e+01, 1.492404e+01, 2.006782e+01, 1.421236e+01, 3.599566e+01, 1.982118e+01)(2.316785e+01, 1.781273e+01, 2.508277e+01, 2.167906e+01, 2.036757e+01, 1.975748e+01, 1.205964e+01, 1.994698e+01, 2.217238e+01, 2.067894e+01, 2.382530e+01, 2.350565e+01, 2.019187e+01, 2.288169e+01, 2.355784e+01, 2.366118e+01, 2.155083e+01, 2.396659e+01, 1.982118e+01, 2.850212e+01))
	0.49684		[mu]: (-3.271847e+00, 2.701800e-01, 1.061957e-01, 7.982242e-01, 3.178352e+00, 1.450134e+00, 2.042336e+00, -5.741950e-01, 1.741491e+00, 1.369030e+00, 5.554272e-01, 7.744747e-01, 2.849673e+00, -2.392661e+00, -1.744720e-01, 5.107224e-02, -1.550024e+00, 5.911632e-01, -1.305469e+00, -1.043902e-01)		[cov]: ((2.436240e+01, 2.058620e+01, 1.717524e+01, 1.712347e+01, 1.698429e+01, 1.878934e+01, 1.895905e+01, 1.624344e+01, 1.533560e+01, 1.757300e+01, 1.662442e+01, 1.565093e+01, 1.761170e+01, 1.751104e+01, 1.890119e+01, 1.787165e+01, 1.854085e+01, 1.899458e+01, 1.680007e+01, 1.732620e+01)(2.058620e+01, 3.838886e+01, 1.194910e+01, 9.707358e+00, 2.350687e+01, 2.412712e+01, 3.121128e+01, 1.636430e+01, 1.889965e+01, 2.181936e+01, 2.097684e+01, 2.158397e+01, 1.394117e+01, 2.190456e+01, 1.622831e+01, 3.283945e+01, 2.406419e+01, 2.353419e+01, 1.331307e+01, 1.585668e+01)(1.717524e+01, 1.194910e+01, 3.466784e+01, 2.535659e+01, 1.668250e+01, 1.935674e+01, 7.224261e+00, 1.790642e+01, 1.653718e+01, 2.005119e+01, 1.648656e+01, 1.946811e+01, 2.174921e+01, 1.283150e+01, 1.665882e+01, 9.860754e+00, 1.633044e+01, 1.526490e+01, 2.233074e+01, 1.755414e+01)(1.712347e+01, 9.707358e+00, 2.535659e+01, 3.131484e+01, 1.529826e+01, 1.533806e+01, 8.837151e+00, 1.733468e+01, 1.449059e+01, 1.513994e+01, 1.479775e+01, 1.557072e+01, 2.099604e+01, 1.377349e+01, 1.862597e+01, 7.437775e+00, 1.519308e+01, 1.421234e+01, 1.965353e+01, 1.813793e+01)(1.698429e+01, 2.350687e+01, 1.668250e+01, 1.529826e+01, 2.883969e+01, 2.222457e+01, 2.311870e+01, 1.416914e+01, 1.793387e+01, 2.017525e+01, 2.069467e+01, 2.152142e+01, 1.588558e+01, 1.961766e+01, 1.364313e+01, 2.539708e+01, 2.037053e+01, 2.154757e+01, 1.335861e+01, 1.589087e+01)(1.878934e+01, 2.412712e+01, 1.935674e+01, 1.533806e+01, 2.222457e+01, 2.924338e+01, 2.418160e+01, 1.691674e+01, 1.768218e+01, 2.107760e+01, 2.021471e+01, 2.003357e+01, 1.761662e+01, 2.108057e+01, 1.654324e+01, 2.371400e+01, 2.174254e+01, 2.137910e+01, 1.611175e+01, 1.693664e+01)(1.895905e+01, 3.121128e+01, 7.224261e+00, 8.837151e+00, 2.311870e+01, 2.418160e+01, 4.116743e+01, 1.428559e+01, 1.767716e+01, 1.824371e+01, 2.103209e+01, 1.811647e+01, 1.474322e+01, 2.679092e+01, 1.690946e+01, 3.164116e+01, 2.187833e+01, 2.474415e+01, 7.464518e+00, 1.786479e+01)(1.624344e+01, 1.636430e+01, 1.790642e+01, 1.733468e+01, 1.416914e+01, 1.691674e+01, 1.428559e+01, 2.165834e+01, 1.388579e+01, 1.382747e+01, 1.639152e+01, 1.415829e+01, 1.590747e+01, 1.390556e+01, 1.648924e+01, 1.308123e+01, 1.480003e+01, 1.664246e+01, 1.459667e+01, 1.722854e+01)(1.533560e+01, 1.889965e+01, 1.653718e+01, 1.449059e+01, 1.793387e+01, 1.768218e+01, 1.767716e+01, 1.388579e+01, 2.161837e+01, 1.734778e+01, 1.645066e+01, 1.986231e+01, 1.429844e+01, 1.465871e+01, 1.140178e+01, 2.018160e+01, 1.755560e+01, 1.628698e+01, 1.209788e+01, 1.588069e+01)(1.757300e+01, 2.181936e+01, 2.005119e+01, 1.513994e+01, 2.017525e+01, 2.107760e+01, 1.824371e+01, 1.382747e+01, 1.734778e+01, 2.881488e+01, 1.717639e+01, 2.098889e+01, 1.818502e+01, 1.626131e+01, 1.437585e+01, 2.184293e+01, 2.009966e+01, 1.893090e+01, 1.811757e+01, 1.397069e+01)(1.662442e+01, 2.097684e+01, 1.648656e+01, 1.479775e+01, 2.069467e+01, 2.021471e+01, 2.103209e+01, 1.639152e+01, 1.645066e+01, 1.717639e+01, 2.578496e+01, 1.923124e+01, 1.568173e+01, 1.830463e+01, 1.349409e+01, 2.106907e+01, 1.730289e+01, 2.051991e+01, 1.096807e+01, 1.938986e+01)(1.565093e+01, 2.158397e+01, 1.946811e+01, 1.557072e+01, 2.152142e+01, 2.003357e+01, 1.811647e+01, 1.415829e+01, 1.986231e+01, 2.098889e+01, 1.923124e+01, 3.141496e+01, 1.543151e+01, 1.690808e+01, 1.018952e+01, 2.574475e+01, 2.137366e+01, 1.904543e+01, 1.376048e+01, 1.414559e+01)(1.761170e+01, 1.394117e+01, 2.174921e+01, 2.099604e+01, 1.588558e+01, 1.761662e+01, 1.474322e+01, 1.590747e+01, 1.429844e+01, 1.818502e+01, 1.568173e+01, 1.543151e+01, 2.531464e+01, 1.575305e+01, 1.771344e+01, 1.197570e+01, 1.611418e+01, 1.697917e+01, 1.817817e+01, 1.658716e+01)(1.751104e+01, 2.190456e+01, 1.283150e+01, 1.377349e+01, 1.961766e+01, 2.108057e+01, 2.679092e+01, 1.390556e+01, 1.465871e+01, 1.626131e+01, 1.830463e+01, 1.690808e+01, 1.575305e+01, 2.804393e+01, 1.588943e+01, 2.336341e+01, 1.824134e+01, 2.034629e+01, 1.013534e+01, 1.715556e+01)(1.890119e+01, 1.622831e+01, 1.665882e+01, 1.862597e+01, 1.364313e+01, 1.654324e+01, 1.690946e+01, 1.648924e+01, 1.140178e+01, 1.437585e+01, 1.349409e+01, 1.018952e+01, 1.771344e+01, 1.588943e+01, 2.541400e+01, 1.188513e+01, 1.500645e+01, 1.685770e+01, 1.707332e+01, 1.762604e+01)(1.787165e+01, 3.283945e+01, 9.860754e+00, 7.437775e+00, 2.539708e+01, 2.371400e+01, 3.164116e+01, 1.308123e+01, 2.018160e+01, 2.184293e+01, 2.106907e+01, 2.574475e+01, 1.197570e+01, 2.336341e+01, 1.188513e+01, 4.351121e+01, 2.375586e+01, 2.327294e+01, 1.053965e+01, 1.268166e+01)(1.854085e+01, 2.406419e+01, 1.633044e+01, 1.519308e+01, 2.037053e+01, 2.174254e+01, 2.187833e+01, 1.480003e+01, 1.755560e+01, 2.009966e+01, 1.730289e+01, 2.137366e+01, 1.611418e+01, 1.824134e+01, 1.500645e+01, 2.375586e+01, 2.640138e+01, 2.132314e+01, 1.572725e+01, 1.439535e+01)(1.899458e+01, 2.353419e+01, 1.526490e+01, 1.421234e+01, 2.154757e+01, 2.137910e+01, 2.474415e+01, 1.664246e+01, 1.628698e+01, 1.893090e+01, 2.051991e+01, 1.904543e+01, 1.697917e+01, 2.034629e+01, 1.685770e+01, 2.327294e+01, 2.132314e+01, 2.618400e+01, 1.349888e+01, 1.651065e+01)(1.680007e+01, 1.331307e+01, 2.233074e+01, 1.965353e+01, 1.335861e+01, 1.611175e+01, 7.464518e+00, 1.459667e+01, 1.209788e+01, 1.811757e+01, 1.096807e+01, 1.376048e+01, 1.817817e+01, 1.013534e+01, 1.707332e+01, 1.053965e+01, 1.572725e+01, 1.349888e+01, 2.753563e+01, 1.191886e+01)(1.732620e+01, 1.585668e+01, 1.755414e+01, 1.813793e+01, 1.589087e+01, 1.693664e+01, 1.786479e+01, 1.722854e+01, 1.588069e+01, 1.397069e+01, 1.938986e+01, 1.414559e+01, 1.658716e+01, 1.715556e+01, 1.762604e+01, 1.268166e+01, 1.439535e+01, 1.651065e+01, 1.191886e+01, 2.646614e+01))
