	0.20090		[mu]: (1.007, -2.586, -3.750, 2.254, 4.646, 0.710, 3.686, -3.925)		[cov]: ((7.670290e+01, 5.122810e+01, 7.155908e+01, 4.309742e+01, 2.980736e+01, 5.487186e+01, 1.893938e+01, 4.174420e+01)(5.122810e+01, 7.383932e+01, 6.769089e+01, 4.157047e+01, 3.528134e+01, 5.274552e+01, 3.169484e+01, 4.450171e+01)(7.155908e+01, 6.769089e+01, 9.346969e+01, 3.492980e+01, 4.066836e+01, 5.732262e+01, 2.907647e+01, 5.782088e+01)(4.309742e+01, 4.157047e+01, 3.492980e+01, 6.303154e+01, 3.358542e+01, 4.409868e+01, 3.274819e+01, 2.772336e+01)(2.980736e+01, 3.528134e+01, 4.066836e+01, 3.358542e+01, 2.906182e+01, 3.208105e+01, 2.288378e+01, 2.846102e+01)(5.487186e+01, 5.274552e+01, 5.732262e+01, 4.409868e+01, 3.208105e+01, 5.215906e+01, 2.296322e+01, 4.032346e+01)(1.893938e+01, 3.169484e+01, 2.907647e+01, 3.274819e+01, 2.288378e+01, 2.296322e+01, 3.334287e+01, 2.865468e+01)(4.174420e+01, 4.450171e+01, 5.782088e+01, 2.772336e+01, 2.846102e+01, 4.032346e+01, 2.865468e+01, 4.774118e+01))
	0.13647		[mu]: (-0.247, -2.357, -4.783, -6.019, 2.631, 3.065, 2.089, 1.050)		[cov]: ((7.122343e+01, 8.435659e+01, 5.987915e+01, 6.608201e+01, 8.490483e+01, 5.459426e+01, 4.703470e+01, 7.509304e+01)(8.435659e+01, 1.497501e+02, 7.484705e+01, 1.232784e+02, 1.335546e+02, 9.845094e+01, 5.269887e+01, 1.275126e+02)(5.987915e+01, 7.484705e+01, 7.135341e+01, 7.013166e+01, 8.577723e+01, 4.811669e+01, 5.062269e+01, 7.012960e+01)(6.608201e+01, 1.232784e+02, 7.013166e+01, 1.118075e+02, 1.133118e+02, 7.891209e+01, 4.159980e+01, 1.035964e+02)(8.490483e+01, 1.335546e+02, 8.577723e+01, 1.133118e+02, 1.351350e+02, 8.513210e+01, 6.364429e+01, 1.159739e+02)(5.459426e+01, 9.845094e+01, 4.811669e+01, 7.891209e+01, 8.513210e+01, 7.102722e+01, 3.449968e+01, 9.094061e+01)(4.703470e+01, 5.269887e+01, 5.062269e+01, 4.159980e+01, 6.364429e+01, 3.449968e+01, 4.934577e+01, 5.074814e+01)(7.509304e+01, 1.275126e+02, 7.012960e+01, 1.035964e+02, 1.159739e+02, 9.094061e+01, 5.074814e+01, 1.186818e+02))
	0.10275		[mu]: (-3.773, -2.359, -0.214, -3.375, -2.941, -3.629, 0.598, -1.805)		[cov]: ((1.108283e+02, 5.274351e+01, 6.407726e+01, 7.501134e+01, 8.096778e+01, 7.175557e+01, 5.135027e+01, 7.121140e+01)(5.274351e+01, 4.370943e+01, 3.096721e+01, 3.272017e+01, 4.764057e+01, 5.008960e+01, 3.765073e+01, 3.060224e+01)(6.407726e+01, 3.096721e+01, 5.917379e+01, 5.095632e+01, 3.733172e+01, 5.280728e+01, 4.164080e+01, 5.158529e+01)(7.501134e+01, 3.272017e+01, 5.095632e+01, 7.106451e+01, 4.928817e+01, 5.111505e+01, 3.808253e+01, 5.852304e+01)(8.096778e+01, 4.764057e+01, 3.733172e+01, 4.928817e+01, 7.897245e+01, 6.195746e+01, 3.671832e+01, 4.489901e+01)(7.175557e+01, 5.008960e+01, 5.280728e+01, 5.111505e+01, 6.195746e+01, 7.778980e+01, 4.322501e+01, 4.632458e+01)(5.135027e+01, 3.765073e+01, 4.164080e+01, 3.808253e+01, 3.671832e+01, 4.322501e+01, 4.862681e+01, 4.183931e+01)(7.121140e+01, 3.060224e+01, 5.158529e+01, 5.852304e+01, 4.489901e+01, 4.632458e+01, 4.183931e+01, 6.363994e+01))
	0.36281		[mu]: (-3.949, -3.389, 3.043, -6.256, 0.066, -5.229, 0.589, -3.852)		[cov]: ((7.596525e+01, 4.453634e+01, 4.448355e+01, 4.970541e+01, 3.842047e+01, 5.844106e+01, 7.336425e+01, 4.757626e+01)(4.453634e+01, 4.175487e+01, 3.304664e+01, 4.115593e+01, 2.675231e+01, 4.411601e+01, 5.650864e+01, 3.683397e+01)(4.448355e+01, 3.304664e+01, 4.719257e+01, 3.709659e+01, 3.617501e+01, 3.457839e+01, 6.290171e+01, 3.487648e+01)(4.970541e+01, 4.115593e+01, 3.709659e+01, 6.704982e+01, 3.179040e+01, 4.633986e+01, 6.499628e+01, 4.001924e+01)(3.842047e+01, 2.675231e+01, 3.617501e+01, 3.179040e+01, 3.171173e+01, 3.190295e+01, 4.967537e+01, 2.832769e+01)(5.844106e+01, 4.411601e+01, 3.457839e+01, 4.633986e+01, 3.190295e+01, 6.019940e+01, 6.606772e+01, 4.133838e+01)(7.336425e+01, 5.650864e+01, 6.290171e+01, 6.499628e+01, 4.967537e+01, 6.606772e+01, 9.872855e+01, 5.242916e+01)(4.757626e+01, 3.683397e+01, 3.487648e+01, 4.001924e+01, 2.832769e+01, 4.133838e+01, 5.242916e+01, 4.522828e+01))
	0.12984		[mu]: (5.833, 4.176, 9.652, 3.656, 4.950, 4.648, 13.048, 4.340)		[cov]: ((5.114573e+01, 2.342827e+01, 2.697081e+01, 2.428653e+01, 2.182410e+01, 3.430597e+01, 4.337542e+01, 2.937747e+01)(2.342827e+01, 2.409655e+01, 1.355298e+01, 1.996465e+01, 1.321805e+01, 2.465721e+01, 2.592307e+01, 1.908316e+01)(2.697081e+01, 1.355298e+01, 3.011393e+01, 1.011818e+01, 2.180944e+01, 1.404267e+01, 3.307049e+01, 1.902650e+01)(2.428653e+01, 1.996465e+01, 1.011818e+01, 3.520007e+01, 1.213585e+01, 2.216743e+01, 2.445091e+01, 1.681549e+01)(2.182410e+01, 1.321805e+01, 2.180944e+01, 1.213585e+01, 1.994272e+01, 1.698628e+01, 2.668987e+01, 1.520959e+01)(3.430597e+01, 2.465721e+01, 1.404267e+01, 2.216743e+01, 1.698628e+01, 4.040354e+01, 3.426417e+01, 2.214487e+01)(4.337542e+01, 2.592307e+01, 3.307049e+01, 2.445091e+01, 2.668987e+01, 3.426417e+01, 4.920628e+01, 2.659346e+01)(2.937747e+01, 1.908316e+01, 1.902650e+01, 1.681549e+01, 1.520959e+01, 2.214487e+01, 2.659346e+01, 2.709052e+01))
	0.06723		[mu]: (-5.823, -1.891, -2.297, -1.650, 0.301, -3.367, -5.018, 1.734)		[cov]: ((6.102499e+01, 3.582005e+01, 7.463152e+01, 4.764377e+01, 6.597425e+01, 5.929695e+01, 4.527782e+01, 5.005532e+01)(3.582005e+01, 4.356103e+01, 6.095610e+01, 5.324558e+01, 5.497586e+01, 4.341805e+01, 3.702451e+01, 5.216436e+01)(7.463152e+01, 6.095610e+01, 1.260068e+02, 7.217440e+01, 9.457977e+01, 8.130573e+01, 6.877467e+01, 8.038252e+01)(4.764377e+01, 5.324558e+01, 7.217440e+01, 7.406209e+01, 6.860777e+01, 5.053722e+01, 4.294704e+01, 6.740343e+01)(6.597425e+01, 5.497586e+01, 9.457977e+01, 6.860777e+01, 9.101108e+01, 7.730984e+01, 6.599723e+01, 6.779020e+01)(5.929695e+01, 4.341805e+01, 8.130573e+01, 5.053722e+01, 7.730984e+01, 8.050538e+01, 6.040879e+01, 5.265507e+01)(4.527782e+01, 3.702451e+01, 6.877467e+01, 4.294704e+01, 6.599723e+01, 6.040879e+01, 5.349173e+01, 4.422680e+01)(5.005532e+01, 5.216436e+01, 8.038252e+01, 6.740343e+01, 6.779020e+01, 5.265507e+01, 4.422680e+01, 6.707956e+01))
