	   0.06271	[mu]: (1.255993e+00, 7.103444e+00, 1.108381e+01)		[cov]: ((6.048615e+00, -1.658824e+00, 1.325194e+00)(-1.658824e+00, 1.105547e+00, -2.638145e-01)(1.325194e+00, -2.638145e-01, 1.320549e+00))
	   0.07835	[mu]: (5.954391e+00, 3.156982e+00, 1.205377e+01)		[cov]: ((1.661224e+00, -1.328177e+00, 2.577685e-01)(-1.328177e+00, 4.244403e+00, -1.065611e+00)(2.577685e-01, -1.065611e+00, 1.496951e+00))
	   0.05634	[mu]: (7.669644e+00, 5.776855e+00, 5.726612e+00)		[cov]: ((3.945527e+00, -4.977716e+00, 4.242862e-01)(-4.977716e+00, 7.954726e+00, -5.685381e-01)(4.242862e-01, -5.685381e-01, 1.396572e+00))
	   0.04934	[mu]: (3.300126e+00, 9.761011e+00, 5.164027e+00)		[cov]: ((9.797924e+00, -4.157970e+00, 1.725569e-01)(-4.157970e+00, 2.366812e+00, 1.651538e-01)(1.725569e-01, 1.651538e-01, 5.658111e-01))
	   0.05743	[mu]: (-4.651237e+00, 5.255034e+00, 1.015896e+01)		[cov]: ((7.041504e+00, 3.613544e+00, 1.986992e+00)(3.613544e+00, 2.844639e+00, 1.278753e+00)(1.986992e+00, 1.278753e+00, 1.078777e+00))
	   0.05572	[mu]: (-7.121328e+00, 3.225034e+00, 9.740887e+00)		[cov]: ((1.884338e+00, 3.444194e+00, 1.742303e-01)(3.444194e+00, 7.848126e+00, 1.162811e+00)(1.742303e-01, 1.162811e+00, 1.267388e+00))
	   0.04327	[mu]: (-5.105958e+00, 9.505895e+00, 3.952657e+00)		[cov]: ((6.462636e+00, 1.494429e+00, 1.616263e-01)(1.494429e+00, 9.754246e-01, -1.997224e-01)(1.616263e-01, -1.997224e-01, 5.700974e-01))
	   0.06415	[mu]: (-9.594375e+00, 5.179051e+00, 3.417584e+00)		[cov]: ((3.162224e+00, 3.037555e+00, 1.571602e-01)(3.037555e+00, 6.373958e+00, 7.028344e-01)(1.571602e-01, 7.028344e-01, 1.353704e+00))
	   0.05494	[mu]: (-7.379346e+00, -3.696664e+00, 8.915231e+00)		[cov]: ((1.263291e+00, -1.125625e+00, -3.840916e-01)(-1.125625e+00, 4.295456e+00, 1.662313e+00)(-3.840916e-01, 1.662313e+00, 1.658015e+00))
	   0.07494	[mu]: (-1.036713e+01, -3.908685e+00, 2.777334e+00)		[cov]: ((2.879789e+00, -3.979252e+00, -4.786184e-01)(-3.979252e+00, 9.403351e+00, 9.033319e-01)(-4.786184e-01, 9.033319e-01, 7.733263e-01))
	   0.08211	[mu]: (4.328301e+00, -8.015063e+00, 7.501768e+00)		[cov]: ((5.305718e+00, 2.083875e+00, -1.175391e+00)(2.083875e+00, 1.581860e+00, -5.602953e-01)(-1.175391e+00, -5.602953e-01, 1.451023e+00))
	   0.05690	[mu]: (-3.033235e+00, -8.459586e+00, 8.235024e+00)		[cov]: ((4.561286e+00, -1.735365e+00, -5.909044e-01)(-1.735365e+00, 1.929641e+00, 3.913842e-01)(-5.909044e-01, 3.913842e-01, 1.069621e+00))
	   0.10461	[mu]: (-2.172821e+00, -1.119887e+01, 1.677562e+00)		[cov]: ((1.492572e+01, -3.356649e+00, -1.835077e+00)(-3.356649e+00, 1.852805e+00, 3.655852e-01)(-1.835077e+00, 3.655852e-01, 1.152068e+00))
	   0.07898	[mu]: (9.460439e+00, -1.252807e+00, 6.433640e+00)		[cov]: ((1.401715e+00, 2.089071e+00, -2.295636e-01)(2.089071e+00, 8.162165e+00, -1.319606e+00)(-2.295636e-01, -1.319606e+00, 1.211992e+00))
	   0.02126	[mu]: (1.256168e+01, -2.391116e+00, 6.640795e-01)		[cov]: ((1.086672e+00, -1.789101e-03, -2.570011e-02)(-1.789101e-03, 1.320835e+00, -3.121367e-01)(-2.570011e-02, -3.121367e-01, 2.891527e-01))
	   0.05894	[mu]: (9.129076e+00, -8.385684e+00, 6.737693e-01)		[cov]: ((3.522192e+00, 2.205062e+00, -1.144725e-02)(2.205062e+00, 3.035442e+00, -1.506468e-01)(-1.144725e-02, -1.506468e-01, 1.103702e+00))
