	1.00000		[mu]: (-1.532108e+00, 2.007674e+00, 8.733094e-01, 4.125516e+00, 2.081047e+00, 2.739024e+00, -3.569780e+00, -4.274351e+00, -2.296254e+00, 3.905197e-01)		[cov]: ((1.288035e+02, 5.545985e+01, 1.173571e+02, 6.658590e+01, 9.248123e+01, 5.561261e+01, 9.189458e+01, 7.429035e+01, 7.149232e+01, 7.532507e+01)(5.545985e+01, 5.568408e+01, 5.378270e+01, 3.220925e+01, 6.096441e+01, 3.799922e+01, 4.757015e+01, 4.159846e+01, 4.609016e+01, 3.800478e+01)(1.173571e+02, 5.378270e+01, 1.172858e+02, 7.128912e+01, 8.100939e+01, 5.988033e+01, 7.983827e+01, 7.620237e+01, 7.137367e+01, 7.724013e+01)(6.658590e+01, 3.220925e+01, 7.128912e+01, 6.126962e+01, 3.974617e+01, 3.312552e+01, 3.976053e+01, 5.521476e+01, 4.033889e+01, 4.838735e+01)(9.248123e+01, 6.096441e+01, 8.100939e+01, 3.974617e+01, 9.316161e+01, 5.121677e+01, 7.526774e+01, 5.465578e+01, 6.143511e+01, 5.894342e+01)(5.561261e+01, 3.799922e+01, 5.988033e+01, 3.312552e+01, 5.121677e+01, 4.355053e+01, 4.302326e+01, 4.199114e+01, 4.381743e+01, 4.349725e+01)(9.189458e+01, 4.757015e+01, 7.983827e+01, 3.976053e+01, 7.526774e+01, 4.302326e+01, 8.661138e+01, 5.317950e+01, 4.770109e+01, 4.777088e+01)(7.429035e+01, 4.159846e+01, 7.620237e+01, 5.521476e+01, 5.465578e+01, 4.199114e+01, 5.317950e+01, 5.875157e+01, 4.665089e+01, 5.499902e+01)(7.149232e+01, 4.609016e+01, 7.137367e+01, 4.033889e+01, 6.143511e+01, 4.381743e+01, 4.770109e+01, 4.665089e+01, 5.640808e+01, 4.990462e+01)(7.532507e+01, 3.800478e+01, 7.724013e+01, 4.838735e+01, 5.894342e+01, 4.349725e+01, 4.777088e+01, 5.499902e+01, 4.990462e+01, 6.595160e+01))
