	0.08099		[mu]: (-2.308853e+00, 3.533442e-01, 2.826185e+00, -2.312381e+00, 3.139242e+00, 4.289408e+00, 4.217773e+00, -1.331522e+00, 1.817075e+00, -4.391352e-01)		[cov]: ((1.266930e+02, 9.739730e+01, 8.768467e+01, 1.101942e+02, 9.013823e+01, 9.785736e+01, 1.068074e+02, 8.480253e+01, 6.157015e+01, 7.103930e+01)(9.739730e+01, 9.336641e+01, 7.465884e+01, 8.766440e+01, 8.537706e+01, 8.038726e+01, 8.960236e+01, 6.299206e+01, 3.681810e+01, 5.712788e+01)(8.768467e+01, 7.465884e+01, 8.117367e+01, 7.044732e+01, 7.380855e+01, 6.291039e+01, 7.263369e+01, 5.408954e+01, 3.149784e+01, 3.267724e+01)(1.101942e+02, 8.766440e+01, 7.044732e+01, 1.091244e+02, 7.962701e+01, 8.038959e+01, 1.015259e+02, 7.118248e+01, 4.704068e+01, 7.087241e+01)(9.013823e+01, 8.537706e+01, 7.380855e+01, 7.962701e+01, 8.829916e+01, 7.722606e+01, 8.219591e+01, 5.454510e+01, 3.332211e+01, 5.490705e+01)(9.785736e+01, 8.038726e+01, 6.291039e+01, 8.038959e+01, 7.722606e+01, 1.015228e+02, 8.838017e+01, 7.340186e+01, 5.222940e+01, 7.243800e+01)(1.068074e+02, 8.960236e+01, 7.263369e+01, 1.015259e+02, 8.219591e+01, 8.838017e+01, 1.242354e+02, 8.162489e+01, 4.909690e+01, 6.526557e+01)(8.480253e+01, 6.299206e+01, 5.408954e+01, 7.118248e+01, 5.454510e+01, 7.340186e+01, 8.162489e+01, 8.309149e+01, 4.843462e+01, 3.965620e+01)(6.157015e+01, 3.681810e+01, 3.149784e+01, 4.704068e+01, 3.332211e+01, 5.222940e+01, 4.909690e+01, 4.843462e+01, 5.238552e+01, 4.055575e+01)(7.103930e+01, 5.712788e+01, 3.267724e+01, 7.087241e+01, 5.490705e+01, 7.243800e+01, 6.526557e+01, 3.965620e+01, 4.055575e+01, 7.757398e+01))
	0.91901		[mu]: (1.250542e+00, 3.441621e+00, -2.443418e+00, -2.507995e-01, 9.544524e-01, 5.457401e+00, 3.380510e+00, -7.423101e-01, 2.055482e+00, 2.894758e+00)		[cov]: ((6.707412e+01, 6.458432e+01, 3.640345e+01, 5.284817e+01, 6.615600e+01, 5.295120e+01, 5.789681e+01, 6.041504e+01, 5.115973e+01, 5.500209e+01)(6.458432e+01, 9.912074e+01, 5.860738e+01, 7.997043e+01, 8.833899e+01, 8.641915e+01, 6.565508e+01, 6.338017e+01, 8.154758e+01, 7.835524e+01)(3.640345e+01, 5.860738e+01, 6.136540e+01, 5.785355e+01, 7.156809e+01, 7.692273e+01, 4.698336e+01, 5.610283e+01, 5.975670e+01, 5.042143e+01)(5.284817e+01, 7.997043e+01, 5.785355e+01, 8.269504e+01, 7.813724e+01, 7.976309e+01, 5.334832e+01, 6.142936e+01, 6.628932e+01, 7.166406e+01)(6.615600e+01, 8.833899e+01, 7.156809e+01, 7.813724e+01, 1.103946e+02, 1.019704e+02, 6.721679e+01, 8.322156e+01, 8.475059e+01, 6.828360e+01)(5.295120e+01, 8.641915e+01, 7.692273e+01, 7.976309e+01, 1.019704e+02, 1.164171e+02, 7.536154e+01, 7.775321e+01, 8.211171e+01, 7.462263e+01)(5.789681e+01, 6.565508e+01, 4.698336e+01, 5.334832e+01, 6.721679e+01, 7.536154e+01, 7.978769e+01, 6.361207e+01, 5.663246e+01, 5.826357e+01)(6.041504e+01, 6.338017e+01, 5.610283e+01, 6.142936e+01, 8.322156e+01, 7.775321e+01, 6.361207e+01, 7.523938e+01, 6.230656e+01, 5.446432e+01)(5.115973e+01, 8.154758e+01, 5.975670e+01, 6.628932e+01, 8.475059e+01, 8.211171e+01, 5.663246e+01, 6.230656e+01, 8.461365e+01, 5.468472e+01)(5.500209e+01, 7.835524e+01, 5.042143e+01, 7.166406e+01, 6.828360e+01, 7.462263e+01, 5.826357e+01, 5.446432e+01, 5.468472e+01, 7.907131e+01))
