   0.56317	[mu]: (2.613, -1.305, 0.487, 3.953, -2.720, -4.950, 2.325, 1.906, -3.149, 3.034)		[cov]: ((11.958, 4.817, 7.074, 8.765, 5.693, 6.635, 11.761, 11.361, 11.338, 11.753)(4.817, 6.773, 5.997, 8.699, 5.363, 5.070, 7.121, 7.107, 7.498, 4.755)(7.074, 5.997, 9.110, 9.839, 5.550, 6.394, 9.967, 8.608, 8.947, 6.601)(8.765, 8.699, 9.839, 17.130, 10.806, 9.884, 14.431, 13.148, 16.289, 12.055)(5.693, 5.363, 5.550, 10.806, 10.179, 4.943, 7.439, 9.742, 11.839, 7.319)(6.635, 5.070, 6.394, 9.884, 4.943, 7.675, 9.966, 8.383, 10.472, 7.828)(11.761, 7.121, 9.967, 14.431, 7.439, 9.966, 18.391, 13.329, 14.695, 14.472)(11.361, 7.107, 8.608, 13.148, 9.742, 8.383, 13.329, 18.187, 16.121, 14.682)(11.338, 7.498, 8.947, 16.289, 11.839, 10.472, 14.695, 16.121, 19.024, 14.367)(11.753, 4.755, 6.601, 12.055, 7.319, 7.828, 14.472, 14.682, 14.367, 16.432))
   0.43683	[mu]: (2.378, 0.328, -1.020, -4.925, 1.217, -3.183, 1.802, -1.342, -1.900, -3.910)		[cov]: ((10.157, 9.214, 5.199, 9.989, 9.355, 9.434, 8.359, 9.130, 7.911, 10.097)(9.214, 13.864, 8.613, 12.658, 10.649, 9.317, 9.291, 10.089, 9.569, 10.796)(5.199, 8.613, 11.808, 11.430, 10.136, 8.221, 8.329, 5.642, 10.576, 8.462)(9.989, 12.658, 11.430, 15.948, 13.794, 9.886, 10.819, 11.100, 12.360, 13.497)(9.355, 10.649, 10.136, 13.794, 15.334, 11.333, 12.501, 10.138, 12.604, 13.707)(9.434, 9.317, 8.221, 9.886, 11.333, 14.328, 11.483, 8.305, 10.819, 10.499)(8.359, 9.291, 8.329, 10.819, 12.501, 11.483, 13.199, 7.617, 10.866, 11.376)(9.130, 10.089, 5.642, 11.100, 10.138, 8.305, 7.617, 10.563, 7.766, 11.223)(7.911, 9.569, 10.576, 12.360, 12.604, 10.819, 10.866, 7.766, 13.472, 10.997)(10.097, 10.796, 8.462, 13.497, 13.707, 10.499, 11.376, 11.223, 10.997, 15.267))
