   0.00977	[mu]: (2.639, -4.220, -0.488)		[cov]: ((32.371, 24.576, 14.768)(24.576, 28.068, 12.771)(14.768, 12.771, 8.384))
   0.13117	[mu]: (-3.321, 3.252, -4.227)		[cov]: ((25.540, 20.301, 22.320)(20.301, 22.835, 27.190)(22.320, 27.190, 41.193))
   0.15511	[mu]: (-3.607, -0.968, 1.506)		[cov]: ((30.058, 22.245, 17.119)(22.245, 27.166, 21.270)(17.119, 21.270, 16.814))
   0.21305	[mu]: (1.873, -4.503, 0.054)		[cov]: ((14.340, 5.756, 12.453)(5.756, 13.673, 14.806)(12.453, 14.806, 20.077))
   0.09175	[mu]: (1.878, 4.475, 0.031)		[cov]: ((19.046, 25.801, 16.504)(25.801, 39.012, 23.546)(16.504, 23.546, 29.434))
   0.00901	[mu]: (1.545, -4.687, -2.733)		[cov]: ((0.336, 2.424, 1.924)(2.424, 40.979, 24.691)(1.924, 24.691, 16.026))
   0.03062	[mu]: (1.235, -2.542, 4.157)		[cov]: ((6.170, 10.314, 8.295)(10.314, 28.429, 14.248)(8.295, 14.248, 12.492))
   0.25465	[mu]: (-0.340, -2.966, 2.382)		[cov]: ((7.357, 8.734, 11.571)(8.734, 19.840, 17.816)(11.571, 17.816, 27.202))
   0.08668	[mu]: (1.373, 4.867, 3.882)		[cov]: ((31.744, 19.760, 18.233)(19.760, 15.755, 16.347)(18.233, 16.347, 18.153))
   0.01818	[mu]: (4.794, 0.232, -4.267)		[cov]: ((19.084, 30.182, 8.175)(30.182, 49.009, 12.265)(8.175, 12.265, 4.475))
