   0.12912	[mu]: (4.537, -4.822, 1.264, 3.878, 4.305)		[cov]: ((58.338, 25.329, 25.729, 14.580, 33.935)(25.329, 21.388, 23.629, 6.459, 21.220)(25.729, 23.629, 37.680, 7.467, 32.528)(14.580, 6.459, 7.467, 5.957, 6.714)(33.935, 21.220, 32.528, 6.714, 35.995))
   0.01762	[mu]: (-2.790, -4.230, 1.859, 3.087, -2.302)		[cov]: ((40.924, 20.932, 40.504, 34.841, 40.873)(20.932, 16.540, 17.120, 12.760, 20.113)(40.504, 17.120, 44.744, 40.918, 42.228)(34.841, 12.760, 40.918, 39.010, 37.917)(40.873, 20.113, 42.228, 37.917, 49.346))
   0.06556	[mu]: (2.667, 3.559, 2.931, -4.011, -3.901)		[cov]: ((20.565, 21.421, 23.405, 26.737, 21.075)(21.421, 46.057, 20.215, 41.979, 30.491)(23.405, 20.215, 30.087, 26.788, 20.588)(26.737, 41.979, 26.788, 60.092, 38.153)(21.075, 30.491, 20.588, 38.153, 27.921))
   0.04081	[mu]: (-2.544, 1.621, 1.027, 2.629, -3.236)		[cov]: ((60.534, 19.042, 24.037, 52.164, 41.359)(19.042, 12.741, 4.491, 19.169, 21.186)(24.037, 4.491, 23.507, 27.839, 22.474)(52.164, 19.169, 27.839, 51.916, 46.665)(41.359, 21.186, 22.474, 46.665, 51.272))
   0.07744	[mu]: (-4.876, -0.384, -4.673, 1.528, 1.711)		[cov]: ((10.708, 21.594, 11.373, 5.641, 18.878)(21.594, 51.302, 30.976, 12.177, 35.167)(11.373, 30.976, 42.560, 19.797, 26.005)(5.641, 12.177, 19.797, 15.787, 12.294)(18.878, 35.167, 26.005, 12.294, 47.536))
   0.02238	[mu]: (1.216, -2.760, 4.363, -4.741, -2.055)		[cov]: ((39.676, 29.145, 44.954, 35.032, 20.871)(29.145, 28.112, 27.050, 18.912, 12.781)(44.954, 27.050, 63.046, 43.020, 35.331)(35.032, 18.912, 43.020, 42.168, 18.109)(20.871, 12.781, 35.331, 18.109, 25.838))
   0.05558	[mu]: (2.704, 2.587, -4.836, 1.131, -1.412)		[cov]: ((33.474, 31.708, 33.783, 33.439, 29.144)(31.708, 40.736, 34.026, 27.830, 36.450)(33.783, 34.026, 43.311, 35.523, 32.122)(33.439, 27.830, 35.523, 38.778, 21.888)(29.144, 36.450, 32.122, 21.888, 38.561))
   0.12439	[mu]: (-0.058, -2.575, -4.292, 2.092, -2.576)		[cov]: ((52.267, 30.972, 51.167, 24.760, 39.024)(30.972, 30.150, 32.685, 18.092, 14.228)(51.167, 32.685, 70.257, 31.332, 36.815)(24.760, 18.092, 31.332, 26.290, 20.085)(39.024, 14.228, 36.815, 20.085, 37.336))
   0.16189	[mu]: (-1.679, -0.693, -0.329, 4.314, 4.178)		[cov]: ((35.709, 11.792, 22.693, 32.031, 31.695)(11.792, 5.558, 11.058, 10.823, 13.393)(22.693, 11.058, 27.343, 18.468, 31.041)(32.031, 10.823, 18.468, 36.976, 23.433)(31.695, 13.393, 31.041, 23.433, 45.124))
   0.30520	[mu]: (4.764, 4.303, -4.732, -1.239, 1.421)		[cov]: ((55.168, 37.066, 50.549, 58.377, 41.379)(37.066, 34.101, 36.206, 37.649, 35.184)(50.549, 36.206, 53.541, 54.418, 41.248)(58.377, 37.649, 54.418, 66.882, 39.395)(41.379, 35.184, 41.248, 39.395, 39.883))
