   0.08802	[mu]: (-2.127, -3.903, 1.774, -1.342, -4.199, -4.024, 0.861, 1.155)		[cov]: ((92.560, 36.572, 53.594, 68.752, 73.038, 65.121, 34.679, 55.194)(36.572, 28.926, 33.854, 28.722, 28.931, 43.817, 30.789, 23.561)(53.594, 33.854, 51.778, 45.708, 39.823, 56.888, 42.181, 44.890)(68.752, 28.722, 45.708, 67.868, 51.357, 49.602, 33.782, 51.473)(73.038, 28.931, 39.823, 51.357, 59.856, 52.837, 26.240, 42.209)(65.121, 43.817, 56.888, 49.602, 52.837, 75.819, 47.251, 48.715)(34.679, 30.789, 42.181, 33.782, 26.240, 47.251, 41.882, 33.063)(55.194, 23.561, 44.890, 51.473, 42.209, 48.715, 33.063, 53.433))
   0.14243	[mu]: (-0.205, -1.265, -4.219, -4.847, 3.271, 4.489, 2.156, 2.748)		[cov]: ((60.578, 65.781, 49.349, 52.915, 67.038, 40.498, 36.004, 56.773)(65.781, 117.619, 57.815, 98.037, 103.337, 78.334, 39.694, 100.854)(49.349, 57.815, 60.396, 56.420, 68.748, 34.860, 42.413, 52.572)(52.915, 98.037, 56.420, 89.947, 90.057, 63.023, 33.818, 82.674)(67.038, 103.337, 68.748, 90.057, 106.213, 64.460, 49.840, 88.603)(40.498, 78.334, 34.860, 63.023, 64.460, 58.427, 24.765, 73.456)(36.004, 39.694, 42.413, 33.818, 49.840, 24.765, 39.719, 37.652)(56.773, 100.854, 52.572, 82.674, 88.603, 73.456, 37.652, 94.581))
   0.04662	[mu]: (-2.931, 1.490, -2.215, -4.367, 1.990, 0.115, 0.169, -3.255)		[cov]: ((102.960, 65.602, 53.337, 75.137, 73.431, 66.744, 79.809, 75.393)(65.602, 53.329, 27.367, 46.373, 48.193, 43.015, 58.480, 46.518)(53.337, 27.367, 53.485, 47.949, 34.488, 48.144, 44.200, 45.532)(75.137, 46.373, 47.949, 77.387, 56.416, 64.522, 59.608, 64.486)(73.431, 48.193, 34.488, 56.416, 64.498, 48.108, 61.982, 53.803)(66.744, 43.015, 48.144, 64.522, 48.108, 63.404, 51.185, 51.907)(79.809, 58.480, 44.200, 59.608, 61.982, 51.185, 81.236, 62.428)(75.393, 46.518, 45.532, 64.486, 53.803, 51.907, 62.428, 66.787))
   0.47568	[mu]: (-0.849, -1.197, 4.989, -3.241, 1.583, -2.104, 4.411, -1.468)		[cov]: ((93.277, 57.224, 55.397, 63.916, 46.034, 74.603, 94.090, 61.367)(57.224, 51.344, 39.967, 52.057, 32.931, 57.314, 71.130, 46.063)(55.397, 39.967, 53.893, 44.377, 40.189, 43.629, 74.749, 43.866)(63.916, 52.057, 44.377, 75.143, 37.363, 60.195, 80.148, 50.384)(46.034, 32.931, 40.189, 37.363, 34.538, 39.641, 58.081, 34.968)(74.603, 57.314, 43.629, 60.195, 39.641, 77.649, 85.164, 54.061)(94.090, 71.130, 74.749, 80.148, 58.081, 85.164, 121.606, 68.536)(61.367, 46.063, 43.866, 50.384, 34.968, 54.061, 68.536, 56.144))
   0.17908	[mu]: (0.904, -2.492, -3.610, 2.518, 4.914, 0.707, 3.949, -3.840)		[cov]: ((85.551, 56.214, 77.542, 47.220, 29.691, 56.043, 23.206, 42.606)(56.214, 77.183, 71.358, 44.249, 35.459, 53.862, 34.582, 45.746)(77.542, 71.358, 100.394, 37.288, 42.310, 57.951, 32.915, 59.902)(47.220, 44.249, 37.288, 61.692, 30.528, 43.030, 34.062, 27.827)(29.691, 35.459, 42.310, 30.528, 27.890, 30.202, 23.014, 28.799)(56.043, 53.862, 57.951, 43.030, 30.202, 50.331, 24.287, 39.631)(23.206, 34.582, 32.915, 34.062, 23.014, 24.287, 35.062, 30.481)(42.606, 45.746, 59.902, 27.827, 28.799, 39.631, 30.481, 48.445))
   0.06818	[mu]: (-4.916, -0.552, -0.956, 0.019, 1.853, -1.887, -4.094, 3.031)		[cov]: ((67.876, 37.203, 75.188, 54.228, 79.550, 71.164, 56.384, 51.583)(37.203, 42.170, 53.923, 55.410, 58.915, 46.423, 39.328, 49.585)(75.188, 53.923, 114.125, 67.347, 98.520, 87.505, 75.540, 70.123)(54.228, 55.410, 67.347, 84.701, 81.183, 58.163, 49.420, 69.641)(79.550, 58.915, 98.520, 81.183, 113.813, 95.519, 83.639, 72.825)(71.164, 46.423, 87.505, 58.163, 95.519, 99.281, 76.663, 56.282)(56.384, 39.328, 75.540, 49.420, 83.639, 76.663, 69.402, 47.187)(51.583, 49.585, 70.123, 69.641, 72.825, 56.282, 47.187, 62.934))
