   1.00000	[mu]: (-1.470, 2.190, 0.944, 4.203, 2.146, 2.888, -3.546, -4.179, -2.116, 0.253)		[cov]: ((128.484, 56.702, 116.796, 66.087, 94.450, 57.397, 94.452, 75.705, 71.692, 76.103)(56.702, 55.177, 55.406, 33.854, 61.302, 39.454, 49.005, 43.283, 46.215, 39.100)(116.796, 55.406, 117.239, 71.649, 82.563, 62.152, 82.109, 78.338, 72.144, 78.507)(66.087, 33.854, 71.649, 63.049, 40.272, 34.874, 40.463, 57.394, 41.551, 49.435)(94.450, 61.302, 82.563, 40.272, 95.105, 52.792, 78.469, 56.323, 61.330, 60.122)(57.397, 39.454, 62.152, 34.874, 52.792, 45.498, 45.268, 44.535, 45.107, 45.382)(94.452, 49.005, 82.109, 40.463, 78.469, 45.268, 89.625, 55.062, 49.249, 49.438)(75.705, 43.283, 78.338, 57.394, 56.323, 44.535, 55.062, 61.630, 48.523, 57.144)(71.692, 46.215, 72.144, 41.551, 61.330, 45.107, 49.249, 48.523, 56.644, 50.912)(76.103, 39.100, 78.507, 49.435, 60.122, 45.382, 49.438, 57.144, 50.912, 67.816))
