   0.00930	[mu]: (4.426, -0.516, 0.580)		[cov]: ((5.827, 5.242, 3.052)(5.242, 6.875, 3.819)(3.052, 3.819, 2.982))
   0.20384	[mu]: (-2.150, 1.408, 2.200)		[cov]: ((0.159, 0.437, 0.348)(0.437, 2.285, 0.884)(0.348, 0.884, 0.769))
   0.01244	[mu]: (2.337, 3.473, 0.857)		[cov]: ((5.668, 4.545, 4.845)(4.545, 4.079, 4.572)(4.845, 4.572, 5.360))
   0.72868	[mu]: (0.075, 1.525, -3.982)		[cov]: ((8.556, 2.532, 5.337)(2.532, 1.066, 1.913)(5.337, 1.913, 4.229))
   0.04575	[mu]: (3.380, -4.752, -0.520)		[cov]: ((4.775, 6.258, 1.955)(6.258, 8.533, 3.061)(1.955, 3.061, 1.555))
