   0.14921	[mu]: (-3.778, -3.990, 4.943, 4.777, 2.550, 1.032, -3.597, 0.028, 1.505, 2.056, -0.776, 1.040, 4.690, -4.952, 0.879, -4.413, -2.587, -1.563, 2.171, -0.113)		[cov]: ((27.049, 23.148, 23.452, 21.455, 20.686, 22.414, 17.967, 18.373, 15.621, 14.330, 18.543, 21.916, 16.352, 18.570, 17.726, 22.154, 22.935, 18.281, 20.164, 18.825)(23.148, 29.915, 28.892, 21.512, 22.460, 24.663, 20.731, 21.851, 17.283, 16.014, 20.681, 23.981, 18.521, 19.749, 19.890, 23.241, 23.361, 19.860, 20.837, 21.468)(23.452, 28.892, 32.248, 23.473, 22.154, 25.656, 23.268, 23.249, 20.958, 17.518, 23.585, 26.328, 19.048, 20.213, 18.514, 24.313, 23.359, 21.291, 19.727, 24.192)(21.455, 21.512, 23.473, 30.459, 22.368, 21.660, 21.576, 20.803, 20.257, 14.961, 21.098, 22.767, 16.116, 21.271, 16.541, 25.380, 20.059, 18.804, 21.713, 20.700)(20.686, 22.460, 22.154, 22.368, 29.436, 24.484, 21.184, 17.345, 16.642, 16.892, 22.501, 21.832, 16.090, 17.631, 16.214, 21.185, 21.135, 22.354, 20.133, 18.095)(22.414, 24.663, 25.656, 21.660, 24.484, 29.011, 21.516, 21.781, 18.049, 14.937, 21.017, 23.619, 18.427, 19.097, 17.616, 23.010, 23.361, 22.129, 18.947, 18.369)(17.967, 20.731, 23.268, 21.576, 21.184, 21.516, 26.827, 14.855, 18.848, 14.417, 17.829, 22.557, 17.110, 19.922, 17.877, 22.936, 19.940, 19.522, 17.807, 17.459)(18.373, 21.851, 23.249, 20.803, 17.345, 21.781, 14.855, 24.476, 16.957, 12.889, 19.897, 19.844, 14.560, 14.806, 13.696, 18.057, 18.274, 17.397, 18.425, 18.039)(15.621, 17.283, 20.958, 20.257, 16.642, 18.049, 18.848, 16.957, 19.845, 13.603, 18.395, 20.537, 14.772, 15.405, 11.458, 18.227, 14.741, 14.278, 15.595, 17.401)(14.330, 16.014, 17.518, 14.961, 16.892, 14.937, 14.417, 12.889, 13.603, 15.862, 15.116, 17.316, 13.994, 11.894, 10.158, 12.478, 14.933, 14.257, 15.165, 15.486)(18.543, 20.681, 23.585, 21.098, 22.501, 21.017, 17.829, 19.897, 18.395, 15.116, 25.511, 22.630, 14.053, 15.458, 12.788, 20.010, 18.343, 20.082, 18.515, 21.947)(21.916, 23.981, 26.328, 22.767, 21.832, 23.619, 22.557, 19.844, 20.537, 17.316, 22.630, 31.639, 17.899, 23.151, 17.961, 23.481, 22.079, 20.111, 19.133, 24.526)(16.352, 18.521, 19.048, 16.116, 16.090, 18.427, 17.110, 14.560, 14.772, 13.994, 14.053, 17.899, 19.515, 15.430, 13.470, 16.507, 17.597, 14.797, 16.057, 16.060)(18.570, 19.749, 20.213, 21.271, 17.631, 19.097, 19.922, 14.806, 15.405, 11.894, 15.458, 23.151, 15.430, 25.948, 15.940, 21.229, 21.840, 16.665, 17.236, 18.751)(17.726, 19.890, 18.514, 16.541, 16.214, 17.616, 17.877, 13.696, 11.458, 10.158, 12.788, 17.961, 13.470, 15.940, 21.121, 19.858, 17.854, 13.968, 15.169, 16.293)(22.154, 23.241, 24.313, 25.380, 21.185, 23.010, 22.936, 18.057, 18.227, 12.478, 20.010, 23.481, 16.507, 21.229, 19.858, 29.201, 19.751, 18.206, 18.580, 20.151)(22.935, 23.361, 23.359, 20.059, 21.135, 23.361, 19.940, 18.274, 14.741, 14.933, 18.343, 22.079, 17.597, 21.840, 17.854, 19.751, 28.212, 21.180, 20.977, 19.442)(18.281, 19.860, 21.291, 18.804, 22.354, 22.129, 19.522, 17.397, 14.278, 14.257, 20.082, 20.111, 14.797, 16.665, 13.968, 18.206, 21.180, 22.647, 17.556, 16.003)(20.164, 20.837, 19.727, 21.713, 20.133, 18.947, 17.807, 18.425, 15.595, 15.165, 18.515, 19.133, 16.057, 17.236, 15.169, 18.580, 20.977, 17.556, 24.636, 19.756)(18.825, 21.468, 24.192, 20.700, 18.095, 18.369, 17.459, 18.039, 17.401, 15.486, 21.947, 24.526, 16.060, 18.751, 16.293, 20.151, 19.442, 16.003, 19.756, 28.066))
   0.03226	[mu]: (-0.756, 3.016, -2.789, -2.353, 0.558, 0.518, 3.275, -2.787, -2.216, 3.531, -3.522, -4.734, 2.479, -4.523, 2.446, -0.168, -0.194, -0.056, 3.554, -4.772)		[cov]: ((28.183, 20.193, 23.900, 23.548, 20.667, 20.247, 21.158, 21.226, 19.085, 21.676, 15.394, 24.315, 25.312, 21.071, 22.977, 21.178, 18.010, 21.749, 18.653, 20.176)(20.193, 29.939, 23.276, 27.473, 23.303, 18.883, 20.767, 20.613, 18.404, 22.881, 17.127, 21.756, 23.352, 19.072, 20.996, 21.861, 20.890, 20.154, 17.566, 18.538)(23.900, 23.276, 31.731, 29.411, 22.503, 19.372, 22.162, 21.083, 17.181, 23.808, 16.312, 24.718, 26.747, 22.893, 24.168, 24.859, 21.013, 23.300, 19.908, 20.548)(23.548, 27.473, 29.411, 37.348, 25.647, 23.139, 27.490, 23.696, 22.143, 26.226, 19.621, 27.020, 28.941, 25.561, 29.835, 25.880, 23.533, 26.457, 20.189, 22.296)(20.667, 23.303, 22.503, 25.647, 26.385, 17.621, 19.033, 18.896, 15.142, 20.790, 16.077, 20.631, 21.857, 20.329, 21.916, 20.828, 18.310, 21.138, 19.043, 19.459)(20.247, 18.883, 19.372, 23.139, 17.621, 25.612, 21.575, 20.133, 16.826, 20.010, 17.632, 20.210, 22.368, 19.993, 19.925, 18.278, 14.186, 19.201, 16.209, 15.600)(21.158, 20.767, 22.162, 27.490, 19.033, 21.575, 26.563, 20.341, 20.835, 21.031, 18.283, 22.673, 23.345, 20.347, 24.389, 21.233, 19.468, 24.462, 15.771, 18.290)(21.226, 20.613, 21.083, 23.696, 18.896, 20.133, 20.341, 24.280, 18.564, 20.095, 15.444, 23.379, 24.197, 20.849, 22.113, 21.578, 16.936, 21.569, 17.304, 21.423)(19.085, 18.404, 17.181, 22.143, 15.142, 16.826, 20.835, 18.564, 21.523, 17.731, 13.936, 22.014, 19.992, 16.708, 20.704, 20.150, 17.520, 18.914, 13.606, 16.859)(21.676, 22.881, 23.808, 26.226, 20.790, 20.010, 21.031, 20.095, 17.731, 25.926, 16.850, 22.741, 22.132, 19.554, 23.605, 20.461, 19.564, 21.379, 17.108, 20.851)(15.394, 17.127, 16.312, 19.621, 16.077, 17.632, 18.283, 15.444, 13.936, 16.850, 18.099, 18.194, 17.742, 16.108, 18.930, 15.708, 13.300, 16.676, 14.274, 13.262)(24.315, 21.756, 24.718, 27.020, 20.631, 20.210, 22.673, 23.379, 22.014, 22.741, 18.194, 29.532, 25.286, 20.770, 25.836, 25.116, 20.975, 22.642, 19.475, 21.465)(25.312, 23.352, 26.747, 28.941, 21.857, 22.368, 23.345, 24.197, 19.992, 22.132, 17.742, 25.286, 31.768, 25.132, 26.045, 23.028, 18.016, 23.419, 20.140, 22.088)(21.071, 19.072, 22.893, 25.561, 20.329, 19.993, 20.347, 20.849, 16.708, 19.554, 16.108, 20.770, 25.132, 24.641, 23.384, 20.173, 14.389, 20.908, 18.362, 19.137)(22.977, 20.996, 24.168, 29.835, 21.916, 19.925, 24.389, 22.113, 20.704, 23.605, 18.930, 25.836, 26.045, 23.384, 32.037, 22.302, 18.586, 25.024, 19.262, 23.630)(21.178, 21.861, 24.859, 25.880, 20.828, 18.278, 21.233, 21.578, 20.150, 20.461, 15.708, 25.116, 23.028, 20.173, 22.302, 26.936, 20.135, 21.871, 18.283, 20.504)(18.010, 20.890, 21.013, 23.533, 18.310, 14.186, 19.468, 16.936, 17.520, 19.564, 13.300, 20.975, 18.016, 14.389, 18.586, 20.135, 21.626, 19.533, 13.578, 15.871)(21.749, 20.154, 23.300, 26.457, 21.138, 19.201, 24.462, 21.569, 18.914, 21.379, 16.676, 22.642, 23.419, 20.908, 25.024, 21.871, 19.533, 27.190, 17.342, 21.484)(18.653, 17.566, 19.908, 20.189, 19.043, 16.209, 15.771, 17.304, 13.606, 17.108, 14.274, 19.475, 20.140, 18.362, 19.262, 18.283, 13.578, 17.342, 17.659, 16.405)(20.176, 18.538, 20.548, 22.296, 19.459, 15.600, 18.290, 21.423, 16.859, 20.851, 13.262, 21.465, 22.088, 19.137, 23.630, 20.504, 15.871, 21.484, 16.405, 24.082))
   0.18946	[mu]: (-4.094, 2.777, -2.140, -2.016, 4.433, 2.125, 4.267, -2.246, 2.668, 2.022, 0.695, 2.755, 1.035, -1.417, -2.462, 4.187, -0.583, 1.214, -3.569, -1.547)		[cov]: ((27.860, 25.536, 17.858, 18.202, 21.133, 23.648, 22.959, 20.350, 22.337, 25.700, 23.190, 18.802, 21.061, 19.144, 20.063, 21.137, 21.281, 20.709, 17.522, 22.135)(25.536, 34.740, 20.335, 21.011, 23.588, 27.519, 25.665, 22.878, 21.243, 26.853, 24.833, 19.982, 21.675, 18.564, 23.361, 21.073, 24.227, 22.203, 22.185, 23.530)(17.858, 20.335, 20.274, 15.742, 18.404, 21.348, 18.789, 17.644, 17.544, 24.132, 21.299, 16.073, 19.215, 14.152, 16.592, 18.746, 19.010, 19.028, 16.745, 17.830)(18.202, 21.011, 15.742, 21.936, 18.705, 18.621, 19.013, 16.053, 17.569, 21.978, 20.378, 17.806, 18.611, 14.584, 15.154, 15.539, 20.591, 17.069, 15.242, 16.999)(21.133, 23.588, 18.404, 18.705, 30.113, 26.291, 25.237, 19.195, 20.990, 24.158, 25.022, 19.093, 22.223, 19.335, 20.087, 23.692, 23.573, 22.840, 18.897, 21.644)(23.648, 27.519, 21.348, 18.621, 26.291, 32.109, 27.293, 22.291, 22.062, 29.105, 26.995, 19.561, 23.748, 20.444, 24.200, 26.339, 24.965, 22.855, 22.167, 24.283)(22.959, 25.665, 18.789, 19.013, 25.237, 27.293, 30.461, 20.244, 21.210, 26.942, 21.630, 17.935, 24.237, 21.460, 21.307, 22.329, 23.240, 20.541, 19.137, 22.076)(20.350, 22.878, 17.644, 16.053, 19.195, 22.291, 20.244, 22.305, 18.444, 23.340, 21.486, 18.425, 19.097, 14.397, 19.285, 20.029, 20.187, 20.005, 16.467, 19.920)(22.337, 21.243, 17.544, 17.569, 20.990, 22.062, 21.210, 18.444, 24.151, 24.755, 21.208, 15.905, 19.151, 15.370, 19.728, 18.312, 20.792, 18.326, 15.592, 23.060)(25.700, 26.853, 24.132, 21.978, 24.158, 29.105, 26.942, 23.340, 24.755, 36.480, 27.036, 23.290, 26.077, 20.695, 22.978, 25.231, 26.244, 26.147, 21.574, 25.111)(23.190, 24.833, 21.299, 20.378, 25.022, 26.995, 21.630, 21.486, 21.208, 27.036, 31.505, 23.697, 23.263, 18.680, 19.239, 24.362, 25.135, 22.976, 20.396, 23.635)(18.802, 19.982, 16.073, 17.806, 19.093, 19.561, 17.935, 18.425, 15.905, 23.290, 23.697, 22.527, 19.089, 14.830, 14.071, 19.323, 20.626, 19.256, 15.785, 16.400)(21.061, 21.675, 19.215, 18.611, 22.223, 23.748, 24.237, 19.097, 19.151, 26.077, 23.263, 19.089, 29.297, 19.409, 18.506, 20.258, 20.527, 23.032, 18.939, 19.806)(19.144, 18.564, 14.152, 14.584, 19.335, 20.444, 21.460, 14.397, 15.370, 20.695, 18.680, 14.830, 19.409, 20.341, 15.032, 18.503, 17.943, 16.784, 15.165, 15.324)(20.063, 23.361, 16.592, 15.154, 20.087, 24.200, 21.307, 19.285, 19.728, 22.978, 19.239, 14.071, 18.506, 15.032, 22.689, 18.915, 19.507, 19.274, 16.906, 21.295)(21.137, 21.073, 18.746, 15.539, 23.692, 26.339, 22.329, 20.029, 18.312, 25.231, 24.362, 19.323, 20.258, 18.503, 18.915, 27.691, 21.083, 21.080, 18.708, 18.071)(21.281, 24.227, 19.010, 20.591, 23.573, 24.965, 23.240, 20.187, 20.792, 26.244, 25.135, 20.626, 20.527, 17.943, 19.507, 21.083, 25.758, 21.013, 18.402, 21.200)(20.709, 22.203, 19.028, 17.069, 22.840, 22.855, 20.541, 20.005, 18.326, 26.147, 22.976, 19.256, 23.032, 16.784, 19.274, 21.080, 21.013, 24.567, 17.802, 19.745)(17.522, 22.185, 16.745, 15.242, 18.897, 22.167, 19.137, 16.467, 15.592, 21.574, 20.396, 15.785, 18.939, 15.165, 16.906, 18.708, 18.402, 17.802, 19.883, 16.450)(22.135, 23.530, 17.830, 16.999, 21.644, 24.283, 22.076, 19.920, 23.060, 25.111, 23.635, 16.400, 19.806, 15.324, 21.295, 18.071, 21.200, 19.745, 16.450, 26.845))
   0.22252	[mu]: (-0.381, -3.639, 0.970, 2.356, -0.387, -4.164, -3.042, -3.769, 1.472, 3.701, 3.555, -0.921, -4.769, 3.099, -1.812, 3.584, 3.512, 3.705, -4.748, -0.649)		[cov]: ((30.670, 26.094, 24.014, 27.949, 14.154, 18.395, 20.708, 20.079, 20.206, 25.271, 23.774, 28.281, 18.516, 21.092, 21.167, 22.334, 20.702, 19.975, 27.777, 20.703)(26.094, 34.261, 27.685, 29.961, 17.677, 22.266, 21.786, 24.856, 23.183, 29.245, 27.148, 28.690, 21.110, 23.548, 28.679, 27.585, 20.330, 20.413, 28.258, 23.143)(24.014, 27.685, 32.739, 31.644, 15.540, 23.773, 17.600, 25.094, 26.255, 27.110, 24.008, 27.561, 19.811, 21.531, 28.681, 23.855, 19.777, 20.743, 28.961, 23.988)(27.949, 29.961, 31.644, 35.379, 17.771, 23.314, 21.662, 24.944, 27.207, 29.182, 26.337, 30.896, 22.489, 23.690, 29.897, 25.175, 21.358, 24.435, 29.942, 24.452)(14.154, 17.677, 15.540, 17.771, 15.724, 13.993, 13.292, 12.891, 15.055, 17.638, 15.781, 13.940, 12.296, 12.353, 16.576, 11.809, 10.607, 14.641, 16.612, 14.464)(18.395, 22.266, 23.773, 23.314, 13.993, 23.403, 16.031, 21.577, 20.846, 21.658, 18.903, 21.968, 16.227, 15.586, 22.579, 18.335, 15.164, 15.350, 24.638, 20.206)(20.708, 21.786, 17.600, 21.662, 13.292, 16.031, 20.490, 18.074, 19.300, 22.322, 21.153, 20.638, 15.677, 17.075, 19.786, 17.699, 16.151, 17.257, 20.840, 15.918)(20.079, 24.856, 25.094, 24.944, 12.891, 21.577, 18.074, 26.593, 23.390, 24.503, 21.695, 23.876, 17.193, 16.415, 23.663, 20.753, 18.207, 14.930, 25.343, 19.729)(20.206, 23.183, 26.255, 27.207, 15.055, 20.846, 19.300, 23.390, 31.195, 27.213, 22.450, 25.834, 19.997, 18.224, 27.137, 20.261, 20.279, 22.155, 22.822, 22.258)(25.271, 29.245, 27.110, 29.182, 17.638, 21.658, 22.322, 24.503, 27.213, 32.289, 23.665, 26.812, 21.521, 19.850, 25.889, 24.329, 20.818, 21.754, 26.845, 23.353)(23.774, 27.148, 24.008, 26.337, 15.781, 18.903, 21.153, 21.695, 22.450, 23.665, 32.321, 25.919, 18.921, 23.765, 27.698, 23.320, 19.243, 21.446, 24.473, 20.475)(28.281, 28.690, 27.561, 30.896, 13.940, 21.968, 20.638, 23.876, 25.834, 26.812, 25.919, 35.222, 23.024, 23.971, 28.106, 25.579, 23.570, 21.057, 28.756, 24.958)(18.516, 21.110, 19.811, 22.489, 12.296, 16.227, 15.677, 17.193, 19.997, 21.521, 18.921, 23.024, 20.495, 17.445, 21.555, 18.606, 15.630, 15.494, 20.216, 17.802)(21.092, 23.548, 21.531, 23.690, 12.353, 15.586, 17.075, 16.415, 18.224, 19.850, 23.765, 23.971, 17.445, 24.710, 23.385, 19.702, 14.999, 16.122, 20.372, 15.721)(21.167, 28.679, 28.681, 29.897, 16.576, 22.579, 19.786, 23.663, 27.137, 25.889, 27.698, 28.106, 21.555, 23.385, 33.765, 24.687, 20.119, 22.587, 25.849, 23.639)(22.334, 27.585, 23.855, 25.175, 11.809, 18.335, 17.699, 20.753, 20.261, 24.329, 23.320, 25.579, 18.606, 19.702, 24.687, 25.420, 18.555, 17.412, 24.254, 19.380)(20.702, 20.330, 19.777, 21.358, 10.607, 15.164, 16.151, 18.207, 20.279, 20.818, 19.243, 23.570, 15.630, 14.999, 20.119, 18.555, 21.403, 15.434, 21.771, 17.810)(19.975, 20.413, 20.743, 24.435, 14.641, 15.350, 17.257, 14.930, 22.155, 21.754, 21.446, 21.057, 15.494, 16.122, 22.587, 17.412, 15.434, 24.058, 20.370, 19.454)(27.777, 28.258, 28.961, 29.942, 16.612, 24.638, 20.840, 25.343, 22.822, 26.845, 24.473, 28.756, 20.216, 20.372, 25.849, 24.254, 21.771, 20.370, 35.600, 23.970)(20.703, 23.143, 23.988, 24.452, 14.464, 20.206, 15.918, 19.729, 22.258, 23.353, 20.475, 24.958, 17.802, 15.721, 23.639, 19.380, 17.810, 19.454, 23.970, 24.873))
   0.00260	[mu]: (1.505, 4.355, 4.323, 2.617, 3.028, -4.424, -1.022, -3.384, 4.737, -3.703, 3.218, -4.908, -4.526, -4.583, 0.155, -0.372, 4.169, 0.610, -0.472, 3.387)		[cov]: ((31.682, 20.770, 24.402, 23.241, 23.172, 26.333, 18.288, 15.608, 20.227, 28.984, 26.727, 23.562, 21.531, 23.270, 24.221, 20.242, 24.305, 24.911, 21.297, 21.449)(20.770, 22.497, 19.069, 20.600, 18.682, 18.387, 14.841, 10.811, 16.315, 22.375, 19.919, 21.063, 17.906, 19.359, 20.522, 14.289, 18.348, 18.657, 19.638, 17.987)(24.402, 19.069, 28.538, 19.782, 19.627, 22.048, 16.469, 11.437, 21.366, 26.719, 22.516, 23.007, 24.159, 21.952, 22.539, 20.596, 22.801, 21.076, 16.720, 21.536)(23.241, 20.600, 19.782, 27.661, 22.356, 20.819, 19.928, 13.890, 20.430, 26.893, 23.265, 22.535, 15.619, 20.428, 19.485, 17.922, 17.243, 20.418, 20.464, 21.758)(23.172, 18.682, 19.627, 22.356, 28.081, 19.324, 19.203, 11.822, 17.139, 27.339, 25.237, 24.684, 17.358, 19.752, 24.269, 20.072, 22.717, 18.838, 17.530, 21.570)(26.333, 18.387, 22.048, 20.819, 19.324, 27.971, 16.690, 13.576, 19.067, 24.686, 24.139, 22.835, 19.480, 20.813, 21.988, 18.887, 22.003, 20.713, 22.854, 19.083)(18.288, 14.841, 16.469, 19.928, 19.203, 16.690, 19.042, 11.614, 18.400, 21.408, 17.927, 19.885, 14.086, 15.048, 17.839, 16.468, 16.168, 17.581, 15.299, 17.563)(15.608, 10.811, 11.437, 13.890, 11.822, 13.576, 11.614, 11.812, 13.672, 14.501, 12.270, 12.382, 11.015, 9.913, 11.213, 9.492, 10.305, 13.141, 12.439, 9.868)(20.227, 16.315, 21.366, 20.430, 17.139, 19.067, 18.400, 13.672, 25.031, 23.858, 17.017, 21.319, 19.437, 15.327, 15.887, 19.865, 18.706, 18.340, 14.805, 18.496)(28.984, 22.375, 26.719, 26.893, 27.339, 24.686, 21.408, 14.501, 23.858, 38.024, 27.202, 26.368, 24.668, 24.323, 24.483, 23.467, 27.018, 21.575, 23.256, 25.053)(26.727, 19.919, 22.516, 23.265, 25.237, 24.139, 17.927, 12.270, 17.017, 27.202, 33.217, 26.897, 19.682, 23.215, 26.226, 19.787, 24.482, 22.828, 19.682, 23.040)(23.562, 21.063, 23.007, 22.535, 24.684, 22.835, 19.885, 12.382, 21.319, 26.368, 26.897, 30.961, 20.468, 22.671, 24.651, 19.522, 25.814, 20.041, 18.846, 22.660)(21.531, 17.906, 24.159, 15.619, 17.358, 19.480, 14.086, 11.015, 19.437, 24.668, 19.682, 20.468, 25.445, 17.927, 21.711, 19.158, 23.077, 18.949, 16.818, 18.575)(23.270, 19.359, 21.952, 20.428, 19.752, 20.813, 15.048, 9.913, 15.327, 24.323, 23.215, 22.671, 17.927, 24.740, 21.223, 16.995, 20.883, 19.611, 17.943, 20.694)(24.221, 20.522, 22.539, 19.485, 24.269, 21.988, 17.839, 11.213, 15.887, 24.483, 26.226, 24.651, 21.711, 21.223, 28.492, 19.213, 24.222, 22.445, 20.134, 21.620)(20.242, 14.289, 20.596, 17.922, 20.072, 18.887, 16.468, 9.492, 19.865, 23.467, 19.787, 19.522, 19.158, 16.995, 19.213, 25.526, 21.554, 18.672, 13.993, 21.479)(24.305, 18.348, 22.801, 17.243, 22.717, 22.003, 16.168, 10.305, 18.706, 27.018, 24.482, 25.814, 23.077, 20.883, 24.222, 21.554, 28.760, 19.393, 16.829, 22.142)(24.911, 18.657, 21.076, 20.418, 18.838, 20.713, 17.581, 13.141, 18.340, 21.575, 22.828, 20.041, 18.949, 19.611, 22.445, 18.672, 19.393, 26.459, 17.982, 21.070)(21.297, 19.638, 16.720, 20.464, 17.530, 22.854, 15.299, 12.439, 14.805, 23.256, 19.682, 18.846, 16.818, 17.943, 20.134, 13.993, 16.829, 17.982, 27.818, 16.260)(21.449, 17.987, 21.536, 21.758, 21.570, 19.083, 17.563, 9.868, 18.496, 25.053, 23.040, 22.660, 18.575, 20.694, 21.620, 21.479, 22.142, 21.070, 16.260, 24.945))
   0.05856	[mu]: (4.617, -2.840, -0.585, -0.940, 1.097, 1.484, 4.798, 0.390, -0.062, 2.286, -1.957, -1.008, -4.656, 1.618, -2.622, -1.692, 1.087, -2.235, 3.904, -2.443)		[cov]: ((27.000, 25.582, 23.106, 19.746, 19.084, 20.624, 15.835, 17.042, 24.746, 21.210, 19.050, 18.013, 22.430, 15.711, 18.402, 18.451, 20.363, 16.339, 24.559, 24.960)(25.582, 40.106, 29.471, 24.658, 25.740, 25.818, 20.044, 21.223, 27.968, 23.346, 28.415, 22.705, 24.772, 17.397, 24.843, 23.638, 21.950, 17.000, 29.739, 27.717)(23.106, 29.471, 30.279, 18.619, 23.410, 22.361, 17.289, 18.325, 27.138, 20.701, 25.083, 20.835, 22.387, 16.568, 19.346, 21.669, 17.854, 16.154, 24.523, 26.485)(19.746, 24.658, 18.619, 24.077, 16.312, 15.999, 15.069, 16.703, 18.135, 18.614, 19.716, 18.961, 18.864, 13.698, 16.872, 13.539, 14.958, 13.462, 20.334, 17.759)(19.084, 25.740, 23.410, 16.312, 24.920, 19.847, 16.026, 18.797, 22.717, 17.366, 20.749, 21.811, 20.194, 13.352, 20.176, 20.621, 18.131, 14.547, 21.692, 24.095)(20.624, 25.818, 22.361, 15.999, 19.847, 24.278, 13.482, 13.874, 20.546, 18.446, 20.589, 20.558, 20.033, 11.522, 16.626, 20.722, 16.641, 14.143, 20.138, 21.436)(15.835, 20.044, 17.289, 15.069, 16.026, 13.482, 19.789, 15.333, 21.258, 16.337, 16.414, 15.976, 16.437, 11.395, 15.483, 16.366, 15.305, 9.059, 18.347, 16.260)(17.042, 21.223, 18.325, 16.703, 18.797, 13.874, 15.333, 20.630, 19.957, 14.886, 17.524, 17.463, 20.215, 11.987, 16.911, 14.577, 17.354, 13.528, 21.030, 19.398)(24.746, 27.968, 27.138, 18.135, 22.717, 20.546, 21.258, 19.957, 34.869, 24.307, 22.935, 22.033, 24.812, 18.502, 22.838, 22.369, 24.319, 17.794, 25.213, 27.622)(21.210, 23.346, 20.701, 18.614, 17.366, 18.446, 16.337, 14.886, 24.307, 23.583, 21.310, 19.514, 17.641, 14.955, 20.066, 15.132, 17.524, 14.990, 20.274, 21.014)(19.050, 28.415, 25.083, 19.716, 20.749, 20.589, 16.414, 17.524, 22.935, 21.310, 30.435, 23.696, 19.995, 18.545, 22.788, 18.343, 18.524, 17.834, 25.261, 22.292)(18.013, 22.705, 20.835, 18.961, 21.811, 20.558, 15.976, 17.463, 22.033, 19.514, 23.696, 28.905, 19.285, 15.188, 19.277, 19.052, 19.455, 17.030, 20.752, 20.477)(22.430, 24.772, 22.387, 18.864, 20.194, 20.033, 16.437, 20.215, 24.812, 17.641, 19.995, 19.285, 29.836, 14.850, 17.380, 22.042, 21.889, 17.233, 24.181, 23.611)(15.711, 17.397, 16.568, 13.698, 13.352, 11.522, 11.395, 11.987, 18.502, 14.955, 18.545, 15.188, 14.850, 16.934, 16.413, 11.062, 15.164, 13.054, 19.246, 17.289)(18.402, 24.843, 19.346, 16.872, 20.176, 16.626, 15.483, 16.911, 22.838, 20.066, 22.788, 19.277, 17.380, 16.413, 26.415, 15.103, 19.268, 16.385, 21.044, 22.286)(18.451, 23.638, 21.669, 13.539, 20.621, 20.722, 16.366, 14.577, 22.369, 15.132, 18.343, 19.052, 22.042, 11.062, 15.103, 25.587, 18.049, 13.281, 18.803, 19.651)(20.363, 21.950, 17.854, 14.958, 18.131, 16.641, 15.305, 17.354, 24.319, 17.524, 18.524, 19.455, 21.889, 15.164, 19.268, 18.049, 24.061, 16.499, 22.210, 20.862)(16.339, 17.000, 16.154, 13.462, 14.547, 14.143, 9.059, 13.528, 17.794, 14.990, 17.834, 17.030, 17.233, 13.054, 16.385, 13.281, 16.499, 16.644, 17.122, 17.373)(24.559, 29.739, 24.523, 20.334, 21.692, 20.138, 18.347, 21.030, 25.213, 20.274, 25.261, 20.752, 24.181, 19.246, 21.044, 18.803, 22.210, 17.122, 31.677, 26.645)(24.960, 27.717, 26.485, 17.759, 24.095, 21.436, 16.260, 19.398, 27.622, 21.014, 22.292, 20.477, 23.611, 17.289, 22.286, 19.651, 20.862, 17.373, 26.645, 31.278))
   0.14285	[mu]: (-4.759, 4.167, -2.879, 4.352, -2.771, -3.490, 2.413, -3.373, 0.226, 3.030, -0.888, -1.490, -4.921, -2.353, 0.417, -2.675, 1.521, -3.138, -1.765, -3.552)		[cov]: ((29.671, 16.526, 26.305, 28.039, 23.148, 20.156, 20.267, 21.515, 20.124, 22.773, 21.088, 21.997, 21.398, 26.970, 24.663, 24.300, 25.057, 23.266, 18.468, 22.575)(16.526, 15.994, 16.174, 18.168, 16.365, 16.760, 11.497, 13.413, 16.169, 12.861, 16.108, 15.446, 14.102, 16.904, 16.205, 17.118, 15.033, 13.956, 13.136, 14.491)(26.305, 16.174, 31.587, 28.810, 26.043, 20.764, 23.086, 24.433, 23.290, 27.068, 22.020, 22.991, 28.675, 29.227, 24.559, 29.878, 26.949, 25.206, 21.286, 21.601)(28.039, 18.168, 28.810, 39.026, 28.029, 26.549, 25.364, 26.658, 24.590, 29.097, 23.011, 26.442, 26.842, 29.505, 29.234, 29.394, 30.053, 27.549, 23.013, 26.400)(23.148, 16.365, 26.043, 28.029, 31.103, 20.352, 20.658, 20.952, 21.758, 22.768, 21.837, 22.958, 26.174, 26.188, 24.978, 24.029, 24.353, 24.437, 18.778, 21.383)(20.156, 16.760, 20.764, 26.549, 20.352, 27.120, 17.753, 18.819, 20.144, 21.222, 17.441, 19.445, 19.022, 21.744, 21.843, 21.877, 18.865, 17.586, 16.161, 19.364)(20.267, 11.497, 23.086, 25.364, 20.658, 17.753, 24.281, 23.098, 20.045, 23.684, 18.772, 19.603, 21.182, 25.453, 21.948, 20.737, 21.067, 18.538, 16.746, 18.086)(21.515, 13.413, 24.433, 26.658, 20.952, 18.819, 23.098, 27.018, 19.855, 22.402, 19.226, 19.778, 21.987, 27.403, 22.824, 21.765, 21.610, 21.036, 17.571, 19.447)(20.124, 16.169, 23.290, 24.590, 21.758, 20.144, 20.045, 19.855, 27.299, 23.844, 20.028, 21.941, 22.538, 23.612, 21.578, 21.490, 20.323, 21.571, 20.933, 17.452)(22.773, 12.861, 27.068, 29.097, 22.768, 21.222, 23.684, 22.402, 23.844, 32.750, 19.969, 23.928, 27.299, 22.898, 23.820, 27.317, 24.959, 23.540, 21.033, 20.633)(21.088, 16.108, 22.020, 23.011, 21.837, 17.441, 18.772, 19.226, 20.028, 19.969, 24.501, 20.018, 20.281, 22.758, 21.493, 21.134, 20.140, 19.552, 15.439, 15.324)(21.997, 15.446, 22.991, 26.442, 22.958, 19.445, 19.603, 19.778, 21.941, 23.928, 20.018, 25.626, 22.187, 21.688, 24.175, 23.805, 21.336, 20.483, 19.650, 17.880)(21.398, 14.102, 28.675, 26.842, 26.174, 19.022, 21.182, 21.987, 22.538, 27.299, 20.281, 22.187, 30.313, 24.617, 23.403, 27.897, 24.807, 24.174, 20.574, 19.827)(26.970, 16.904, 29.227, 29.505, 26.188, 21.744, 25.453, 27.403, 23.612, 22.898, 22.758, 21.688, 24.617, 34.138, 25.241, 25.352, 26.167, 24.422, 21.067, 21.953)(24.663, 16.205, 24.559, 29.234, 24.978, 21.843, 21.948, 22.824, 21.578, 23.820, 21.493, 24.175, 23.403, 25.241, 28.967, 23.107, 23.189, 22.915, 17.524, 21.778)(24.300, 17.118, 29.878, 29.394, 24.029, 21.877, 20.737, 21.765, 21.490, 27.317, 21.134, 23.805, 27.897, 25.352, 23.107, 34.976, 27.888, 21.752, 21.175, 22.817)(25.057, 15.033, 26.949, 30.053, 24.353, 18.865, 21.067, 21.610, 20.323, 24.959, 20.140, 21.336, 24.807, 26.167, 23.189, 27.888, 28.083, 24.532, 20.491, 22.740)(23.266, 13.956, 25.206, 27.549, 24.437, 17.586, 18.538, 21.036, 21.571, 23.540, 19.552, 20.483, 24.174, 24.422, 22.915, 21.752, 24.532, 27.794, 20.249, 18.971)(18.468, 13.136, 21.286, 23.013, 18.778, 16.161, 16.746, 17.571, 20.933, 21.033, 15.439, 19.650, 20.574, 21.067, 17.524, 21.175, 20.491, 20.249, 22.270, 15.706)(22.575, 14.491, 21.601, 26.400, 21.383, 19.364, 18.086, 19.447, 17.452, 20.633, 15.324, 17.880, 19.827, 21.953, 21.778, 22.817, 22.740, 18.971, 15.706, 24.864))
   0.03616	[mu]: (-4.911, 4.167, 1.581, -2.286, -3.259, 4.953, -4.777, -0.068, -1.976, 0.368, 4.231, 4.004, -3.368, 0.414, -0.826, 0.145, 4.150, 2.230, 0.730, 1.197)		[cov]: ((25.139, 18.751, 21.584, 18.784, 22.059, 19.079, 16.051, 15.199, 13.838, 19.237, 17.532, 16.848, 20.798, 19.143, 25.789, 15.964, 20.931, 14.601, 23.553, 22.386)(18.751, 23.872, 19.051, 17.490, 18.251, 19.067, 14.583, 13.737, 15.101, 16.210, 11.787, 16.397, 17.594, 14.503, 25.885, 15.802, 16.859, 15.940, 22.001, 20.898)(21.584, 19.051, 29.711, 20.809, 25.248, 22.457, 17.665, 17.759, 16.980, 21.356, 21.697, 19.577, 20.708, 19.333, 27.209, 16.332, 24.585, 16.282, 29.719, 23.563)(18.784, 17.490, 20.809, 24.587, 19.088, 17.069, 12.992, 13.680, 13.846, 20.822, 19.541, 16.663, 20.935, 15.384, 24.951, 14.709, 21.700, 14.846, 22.456, 22.502)(22.059, 18.251, 25.248, 19.088, 31.372, 21.028, 17.494, 18.832, 19.236, 20.864, 23.912, 21.518, 23.840, 21.859, 30.246, 18.859, 23.523, 16.789, 24.828, 24.910)(19.079, 19.067, 22.457, 17.069, 21.028, 24.744, 16.274, 16.758, 17.103, 19.640, 17.426, 16.605, 19.952, 17.918, 25.554, 14.315, 21.394, 13.991, 23.583, 20.705)(16.051, 14.583, 17.665, 12.992, 17.494, 16.274, 17.020, 12.835, 12.329, 13.825, 12.387, 11.712, 16.399, 15.131, 20.257, 12.255, 16.766, 12.382, 19.956, 14.325)(15.199, 13.737, 17.759, 13.680, 18.832, 16.758, 12.835, 20.205, 15.513, 16.088, 18.906, 14.050, 18.120, 15.597, 23.948, 12.842, 19.752, 13.652, 20.510, 16.447)(13.838, 15.101, 16.980, 13.846, 19.236, 17.103, 12.329, 15.513, 18.651, 15.088, 17.746, 14.747, 17.819, 15.494, 23.737, 14.396, 19.171, 12.902, 18.436, 16.730)(19.237, 16.210, 21.356, 20.822, 20.864, 19.640, 13.825, 16.088, 15.088, 25.000, 20.435, 15.676, 21.120, 18.585, 27.097, 12.537, 22.886, 14.017, 22.581, 21.790)(17.532, 11.787, 21.697, 19.541, 23.912, 17.426, 12.387, 18.906, 17.746, 20.435, 28.461, 18.727, 23.675, 19.641, 26.689, 15.292, 25.714, 14.707, 22.936, 21.821)(16.848, 16.397, 19.577, 16.663, 21.518, 16.605, 11.712, 14.050, 14.747, 15.676, 18.727, 19.607, 18.957, 15.871, 24.105, 15.831, 19.103, 15.576, 19.455, 20.416)(20.798, 17.594, 20.708, 20.935, 23.840, 19.952, 16.399, 18.120, 17.819, 21.120, 23.675, 18.957, 27.036, 19.884, 30.536, 15.450, 24.657, 16.614, 24.813, 22.718)(19.143, 14.503, 19.333, 15.384, 21.859, 17.918, 15.131, 15.597, 15.494, 18.585, 19.641, 15.871, 19.884, 22.028, 24.025, 16.955, 23.072, 14.695, 20.127, 19.463)(25.789, 25.885, 27.209, 24.951, 30.246, 25.554, 20.257, 23.948, 23.737, 27.097, 26.689, 24.105, 30.536, 24.025, 42.214, 20.626, 29.182, 22.949, 32.829, 30.487)(15.964, 15.802, 16.332, 14.709, 18.859, 14.315, 12.255, 12.842, 14.396, 12.537, 15.292, 15.831, 15.450, 16.955, 20.626, 20.964, 19.210, 16.017, 17.229, 19.619)(20.931, 16.859, 24.585, 21.700, 23.523, 21.394, 16.766, 19.752, 19.171, 22.886, 25.714, 19.103, 24.657, 23.072, 29.182, 19.210, 30.563, 18.150, 26.474, 23.687)(14.601, 15.940, 16.282, 14.846, 16.789, 13.991, 12.382, 13.652, 12.902, 14.017, 14.707, 15.576, 16.614, 14.695, 22.949, 16.017, 18.150, 16.702, 19.246, 17.299)(23.553, 22.001, 29.719, 22.456, 24.828, 23.583, 19.956, 20.510, 18.436, 22.581, 22.936, 19.455, 24.813, 20.127, 32.829, 17.229, 26.474, 19.246, 35.242, 25.636)(22.386, 20.898, 23.563, 22.502, 24.910, 20.705, 14.325, 16.447, 16.730, 21.790, 21.821, 20.416, 22.718, 19.463, 30.487, 19.619, 23.687, 17.299, 25.636, 30.905))
   0.09149	[mu]: (-2.651, -0.563, -1.569, 2.069, 1.770, 1.403, 4.568, 1.369, 0.507, -2.456, 2.117, -2.663, 3.663, 0.208, 2.852, -3.717, -3.374, 1.808, -4.384, 3.446)		[cov]: ((30.831, 21.229, 21.366, 20.222, 19.869, 26.411, 19.651, 16.817, 21.076, 17.683, 23.339, 20.740, 23.209, 25.918, 24.426, 20.668, 20.089, 26.687, 22.028, 22.947)(21.229, 27.696, 21.648, 14.550, 18.968, 22.753, 16.522, 14.801, 23.159, 17.761, 23.242, 16.864, 22.588, 23.365, 21.438, 24.517, 19.951, 23.517, 20.936, 19.822)(21.366, 21.648, 28.185, 14.603, 19.230, 20.280, 15.429, 15.590, 21.149, 17.683, 24.584, 12.950, 22.015, 22.200, 17.785, 22.025, 16.889, 24.348, 20.866, 19.165)(20.222, 14.550, 14.603, 19.135, 13.473, 16.812, 14.046, 11.526, 14.328, 11.944, 18.013, 13.773, 18.234, 16.298, 17.117, 15.266, 14.646, 18.487, 14.704, 16.188)(19.869, 18.968, 19.230, 13.473, 24.836, 21.014, 17.293, 15.407, 19.497, 16.341, 20.878, 15.893, 18.438, 21.553, 20.253, 19.759, 17.758, 22.545, 17.416, 19.947)(26.411, 22.753, 20.280, 16.812, 21.014, 29.648, 22.095, 17.298, 22.301, 19.621, 23.702, 18.298, 22.059, 28.117, 24.546, 22.501, 21.423, 24.697, 22.266, 24.553)(19.651, 16.522, 15.429, 14.046, 17.293, 22.095, 20.583, 12.878, 15.994, 16.612, 17.613, 14.168, 17.393, 22.017, 19.839, 19.759, 17.542, 20.051, 15.059, 20.438)(16.817, 14.801, 15.590, 11.526, 15.407, 17.298, 12.878, 18.852, 13.975, 11.593, 17.711, 11.102, 13.795, 17.554, 15.859, 16.790, 13.134, 17.472, 15.777, 12.990)(21.076, 23.159, 21.149, 14.328, 19.497, 22.301, 15.994, 13.975, 27.985, 13.756, 20.116, 17.431, 22.527, 19.868, 20.666, 20.802, 21.448, 22.139, 22.901, 19.861)(17.683, 17.761, 17.683, 11.944, 16.341, 19.621, 16.612, 11.593, 13.756, 19.424, 19.452, 10.447, 17.006, 22.446, 16.167, 19.596, 14.879, 18.734, 13.910, 17.982)(23.339, 23.242, 24.584, 18.013, 20.878, 23.702, 17.613, 17.711, 20.116, 19.452, 33.258, 17.742, 24.715, 24.566, 23.684, 25.095, 20.647, 27.145, 20.689, 19.976)(20.740, 16.864, 12.950, 13.773, 15.893, 18.298, 14.168, 11.102, 17.431, 10.447, 17.742, 19.449, 18.244, 16.010, 20.658, 16.519, 15.837, 19.149, 16.078, 15.979)(23.209, 22.588, 22.015, 18.234, 18.438, 22.059, 17.393, 13.795, 22.527, 17.006, 24.715, 18.244, 27.386, 21.565, 22.133, 22.790, 19.608, 22.531, 19.695, 21.190)(25.918, 23.365, 22.200, 16.298, 21.553, 28.117, 22.017, 17.554, 19.868, 22.446, 24.566, 16.010, 21.565, 32.939, 25.690, 23.908, 19.595, 25.586, 19.735, 22.496)(24.426, 21.438, 17.785, 17.117, 20.253, 24.546, 19.839, 15.859, 20.666, 16.167, 23.684, 20.658, 22.133, 25.690, 28.236, 23.369, 19.864, 25.551, 19.352, 20.101)(20.668, 24.517, 22.025, 15.266, 19.759, 22.501, 19.759, 16.790, 20.802, 19.596, 25.095, 16.519, 22.790, 23.908, 23.369, 27.965, 20.922, 25.480, 20.090, 20.342)(20.089, 19.951, 16.889, 14.646, 17.758, 21.423, 17.542, 13.134, 21.448, 14.879, 20.647, 15.837, 19.608, 19.595, 19.864, 20.922, 25.430, 25.107, 18.294, 19.029)(26.687, 23.517, 24.348, 18.487, 22.545, 24.697, 20.051, 17.472, 22.139, 18.734, 27.145, 19.149, 22.531, 25.586, 25.551, 25.480, 25.107, 34.542, 21.669, 22.651)(22.028, 20.936, 20.866, 14.704, 17.416, 22.266, 15.059, 15.777, 22.901, 13.910, 20.689, 16.078, 19.695, 19.735, 19.352, 20.090, 18.294, 21.669, 23.673, 18.563)(22.947, 19.822, 19.165, 16.188, 19.947, 24.553, 20.438, 12.990, 19.861, 17.982, 19.976, 15.979, 21.190, 22.496, 20.101, 20.342, 19.029, 22.651, 18.563, 25.466))
   0.07490	[mu]: (-0.934, 2.149, -1.399, -0.597, 2.778, -4.854, 1.395, 1.740, 2.117, -0.706, 2.229, -0.297, 1.569, -1.474, 1.389, 0.913, -2.686, 0.180, -3.431, 0.244)		[cov]: ((31.192, 22.921, 18.813, 24.795, 21.892, 17.049, 17.042, 18.452, 19.294, 23.203, 24.416, 21.759, 23.356, 21.902, 25.629, 23.893, 19.739, 27.862, 21.275, 16.047)(22.921, 27.795, 19.081, 23.906, 18.033, 18.279, 19.104, 17.181, 17.114, 23.663, 20.952, 23.168, 20.776, 20.563, 22.262, 21.232, 18.372, 25.452, 19.621, 13.100)(18.813, 19.081, 22.534, 17.949, 18.375, 12.273, 16.499, 18.041, 14.980, 20.922, 17.892, 17.674, 16.618, 21.094, 20.627, 17.607, 15.996, 23.722, 16.361, 11.894)(24.795, 23.906, 17.949, 27.288, 18.538, 16.194, 19.310, 16.313, 16.098, 23.990, 21.584, 20.659, 21.904, 19.804, 23.431, 21.069, 16.368, 25.659, 18.901, 13.818)(21.892, 18.033, 18.375, 18.538, 23.437, 10.886, 16.036, 15.039, 12.418, 20.114, 17.956, 16.715, 17.245, 18.485, 19.683, 16.008, 13.433, 23.720, 16.214, 13.450)(17.049, 18.279, 12.273, 16.194, 10.886, 19.518, 12.164, 12.778, 14.909, 14.595, 16.087, 16.070, 15.128, 15.084, 16.049, 17.034, 14.452, 20.267, 15.639, 11.261)(17.042, 19.104, 16.499, 19.310, 16.036, 12.164, 19.560, 14.550, 13.673, 19.354, 17.046, 17.470, 16.736, 16.826, 17.597, 17.380, 12.706, 22.376, 16.211, 11.279)(18.452, 17.181, 18.041, 16.313, 15.039, 12.778, 14.550, 20.793, 17.412, 20.612, 19.522, 21.398, 17.720, 19.508, 19.320, 18.607, 17.644, 23.417, 15.244, 12.143)(19.294, 17.114, 14.980, 16.098, 12.418, 14.909, 13.673, 17.412, 21.866, 17.228, 17.990, 18.819, 16.387, 18.052, 18.430, 19.478, 16.505, 22.638, 15.288, 11.150)(23.203, 23.663, 20.922, 23.990, 20.114, 14.595, 19.354, 20.612, 17.228, 27.972, 24.384, 23.838, 22.957, 22.103, 24.007, 20.726, 19.729, 26.872, 18.084, 15.548)(24.416, 20.952, 17.892, 21.584, 17.956, 16.087, 17.046, 19.522, 17.990, 24.384, 29.312, 20.648, 23.023, 20.850, 22.084, 20.877, 20.588, 27.199, 15.693, 14.011)(21.759, 23.168, 17.674, 20.659, 16.715, 16.070, 17.470, 21.398, 18.819, 23.838, 20.648, 26.960, 20.272, 20.063, 21.992, 21.965, 19.664, 25.592, 18.735, 13.792)(23.356, 20.776, 16.618, 21.904, 17.245, 15.128, 16.736, 17.720, 16.387, 22.957, 23.023, 20.272, 24.169, 16.918, 21.830, 20.139, 17.704, 24.566, 19.370, 14.684)(21.902, 20.563, 21.094, 19.804, 18.485, 15.084, 16.826, 19.508, 18.052, 22.103, 20.850, 20.063, 16.918, 29.874, 23.003, 19.970, 17.252, 23.466, 15.746, 13.909)(25.629, 22.262, 20.627, 23.431, 19.683, 16.049, 17.597, 19.320, 18.430, 24.007, 22.084, 21.992, 21.830, 23.003, 28.351, 21.682, 18.607, 26.497, 19.607, 15.681)(23.893, 21.232, 17.607, 21.069, 16.008, 17.034, 17.380, 18.607, 19.478, 20.726, 20.877, 21.965, 20.139, 19.970, 21.682, 25.181, 17.811, 24.660, 18.307, 12.373)(19.739, 18.372, 15.996, 16.368, 13.433, 14.452, 12.706, 17.644, 16.505, 19.729, 20.588, 19.664, 17.704, 17.252, 18.607, 17.811, 21.233, 21.926, 14.401, 10.864)(27.862, 25.452, 23.722, 25.659, 23.720, 20.267, 22.376, 23.417, 22.638, 26.872, 27.199, 25.592, 24.566, 23.466, 26.497, 24.660, 21.926, 35.880, 24.101, 17.756)(21.275, 19.621, 16.361, 18.901, 16.214, 15.639, 16.211, 15.244, 15.288, 18.084, 15.693, 18.735, 19.370, 15.746, 19.607, 18.307, 14.401, 24.101, 24.806, 15.349)(16.047, 13.100, 11.894, 13.818, 13.450, 11.261, 11.279, 12.143, 11.150, 15.548, 14.011, 13.792, 14.684, 13.909, 15.681, 12.373, 10.864, 17.756, 15.349, 13.327))
