   0.50180	[mu]: (-3.404, 1.928, -2.035)		[cov]: ((3.615, 5.219, 4.027)(5.219, 8.011, 6.476)(4.027, 6.476, 5.459))
   0.09494	[mu]: (1.678, 1.367, 2.725)		[cov]: ((5.915, 5.357, 5.606)(5.357, 5.045, 4.915)(5.606, 4.915, 5.472))
   0.12934	[mu]: (0.126, -4.812, -4.439)		[cov]: ((2.685, 0.894, 3.230)(0.894, 0.420, 1.163)(3.230, 1.163, 5.808))
   0.27392	[mu]: (-2.193, 4.233, -1.204)		[cov]: ((3.330, 2.678, 2.746)(2.678, 2.266, 2.225)(2.746, 2.225, 2.267))
