   0.06802	[mu]: (4.134, 4.259, 1.202, 2.302, 4.084, -4.687, 1.646, -1.990, 1.542, -3.955, 2.569, 1.162, -0.263, 0.978, 1.232, 2.268, -1.933, -0.175, -1.441, -4.301)		[cov]: ((26.392, 17.213, 20.769, 17.595, 23.562, 22.014, 16.519, 25.289, 16.982, 19.550, 20.511, 22.968, 21.586, 19.463, 22.908, 21.312, 21.737, 18.741, 25.865, 19.991)(17.213, 18.268, 19.049, 15.486, 17.263, 14.826, 14.531, 19.089, 15.776, 17.496, 18.532, 15.464, 15.870, 14.347, 17.772, 17.238, 13.004, 15.638, 20.905, 14.470)(20.769, 19.049, 29.798, 22.481, 24.366, 21.567, 21.096, 27.240, 20.217, 21.492, 24.242, 21.669, 24.075, 20.757, 27.717, 24.351, 20.087, 23.172, 28.417, 20.375)(17.595, 15.486, 22.481, 22.449, 24.114, 17.895, 16.603, 24.795, 15.544, 18.232, 18.923, 19.888, 18.613, 16.825, 21.730, 20.949, 16.233, 19.947, 20.430, 15.760)(23.562, 17.263, 24.366, 24.114, 34.756, 22.777, 22.392, 30.767, 19.877, 22.537, 21.329, 24.901, 24.950, 27.676, 27.132, 25.926, 21.330, 22.631, 27.802, 23.438)(22.014, 14.826, 21.567, 17.895, 22.777, 24.602, 16.201, 21.942, 16.828, 21.108, 18.469, 21.842, 20.489, 18.434, 23.803, 22.146, 22.252, 19.928, 25.137, 19.868)(16.519, 14.531, 21.096, 16.603, 22.392, 16.201, 23.932, 22.621, 13.974, 18.796, 17.290, 17.109, 23.890, 19.139, 22.907, 22.217, 17.777, 18.243, 21.987, 18.602)(25.289, 19.089, 27.240, 24.795, 30.767, 21.942, 22.621, 37.064, 19.248, 23.173, 24.690, 24.420, 25.795, 24.422, 27.993, 25.638, 20.009, 25.500, 27.694, 23.378)(16.982, 15.776, 20.217, 15.544, 19.877, 16.828, 13.974, 19.248, 20.808, 19.068, 16.560, 16.200, 16.574, 19.178, 18.787, 19.115, 16.045, 15.024, 23.708, 17.747)(19.550, 17.496, 21.492, 18.232, 22.537, 21.108, 18.796, 23.173, 19.068, 25.579, 17.698, 19.049, 21.316, 18.252, 24.288, 23.659, 19.441, 19.460, 23.509, 20.857)(20.511, 18.532, 24.242, 18.923, 21.329, 18.469, 17.290, 24.690, 16.560, 17.698, 27.053, 18.204, 20.277, 18.760, 24.730, 20.358, 17.263, 21.374, 25.314, 19.428)(22.968, 15.464, 21.669, 19.888, 24.901, 21.842, 17.109, 24.420, 16.200, 19.049, 18.204, 24.640, 21.743, 18.810, 22.473, 20.847, 20.937, 18.370, 22.502, 17.842)(21.586, 15.870, 24.075, 18.613, 24.950, 20.489, 23.890, 25.795, 16.574, 21.316, 20.277, 21.743, 31.400, 22.973, 27.878, 23.191, 23.281, 19.250, 25.909, 22.051)(19.463, 14.347, 20.757, 16.825, 27.676, 18.434, 19.139, 24.422, 19.178, 18.252, 18.760, 18.810, 22.973, 27.635, 22.915, 20.853, 18.693, 17.307, 26.406, 21.924)(22.908, 17.772, 27.717, 21.730, 27.132, 23.803, 22.907, 27.993, 18.787, 24.288, 24.730, 22.473, 27.878, 22.915, 33.655, 26.783, 23.538, 23.092, 28.654, 25.112)(21.312, 17.238, 24.351, 20.949, 25.926, 22.146, 22.217, 25.638, 19.115, 23.659, 20.358, 20.847, 23.191, 20.853, 26.783, 27.257, 22.208, 22.700, 26.448, 22.275)(21.737, 13.004, 20.087, 16.233, 21.330, 22.252, 17.777, 20.009, 16.045, 19.441, 17.263, 20.937, 23.281, 18.693, 23.538, 22.208, 24.370, 17.465, 24.146, 20.035)(18.741, 15.638, 23.172, 19.947, 22.631, 19.928, 18.243, 25.500, 15.024, 19.460, 21.374, 18.370, 19.250, 17.307, 23.092, 22.700, 17.465, 24.414, 22.663, 18.319)(25.865, 20.905, 28.417, 20.430, 27.802, 25.137, 21.987, 27.694, 23.708, 23.509, 25.314, 22.502, 25.909, 26.406, 28.654, 26.448, 24.146, 22.663, 39.806, 25.531)(19.991, 14.470, 20.375, 15.760, 23.438, 19.868, 18.602, 23.378, 17.747, 20.857, 19.428, 17.842, 22.051, 21.924, 25.112, 22.275, 20.035, 18.319, 25.531, 22.982))
   0.15053	[mu]: (-1.753, -0.030, -4.105, 2.352, -1.061, 2.304, -4.745, -4.669, 3.259, -1.530, -3.541, 1.925, -3.572, -4.257, 4.386, -3.420, -2.773, -0.823, -3.380, -3.376)		[cov]: ((24.549, 21.027, 19.396, 16.782, 17.436, 19.895, 22.283, 17.047, 17.780, 16.191, 22.942, 19.036, 18.835, 14.684, 21.990, 11.897, 13.375, 16.317, 20.297, 17.244)(21.027, 27.993, 19.419, 15.893, 18.464, 22.218, 24.826, 21.334, 18.155, 17.311, 22.926, 22.330, 19.340, 17.856, 23.036, 13.703, 15.725, 18.376, 22.724, 18.247)(19.396, 19.419, 28.233, 16.214, 17.234, 22.508, 23.898, 24.112, 19.203, 17.939, 24.513, 18.558, 17.491, 21.087, 19.741, 16.855, 19.418, 18.560, 23.025, 21.408)(16.782, 15.893, 16.214, 18.441, 12.564, 16.802, 19.173, 18.356, 11.952, 12.690, 18.702, 14.847, 16.023, 15.357, 17.371, 12.133, 12.767, 13.054, 20.398, 15.490)(17.436, 18.464, 17.234, 12.564, 18.876, 17.522, 18.417, 16.811, 16.577, 16.412, 18.945, 15.366, 16.297, 15.307, 18.413, 13.002, 13.692, 16.669, 17.970, 16.816)(19.895, 22.218, 22.508, 16.802, 17.522, 29.466, 24.301, 26.297, 19.925, 19.177, 24.617, 21.394, 22.352, 24.362, 24.056, 18.402, 20.622, 17.165, 24.523, 23.564)(22.283, 24.826, 23.898, 19.173, 18.417, 24.301, 32.171, 24.012, 19.857, 19.264, 23.075, 20.761, 20.240, 21.941, 23.899, 17.519, 20.932, 19.392, 26.658, 20.330)(17.047, 21.334, 24.112, 18.356, 16.811, 26.297, 24.012, 33.990, 19.323, 19.477, 26.656, 23.446, 22.407, 27.552, 21.599, 22.815, 22.519, 19.444, 28.998, 26.799)(17.780, 18.155, 19.203, 11.952, 16.577, 19.925, 19.857, 19.323, 19.226, 16.747, 20.429, 16.872, 15.912, 18.019, 18.135, 14.915, 15.754, 16.034, 17.675, 17.098)(16.191, 17.311, 17.939, 12.690, 16.412, 19.177, 19.264, 19.477, 16.747, 19.919, 20.823, 17.190, 16.169, 18.721, 19.753, 14.590, 14.514, 15.588, 19.748, 16.704)(22.942, 22.926, 24.513, 18.702, 18.945, 24.617, 23.075, 26.656, 20.429, 20.823, 34.953, 26.687, 21.766, 21.648, 24.546, 17.778, 19.348, 19.382, 29.226, 26.412)(19.036, 22.330, 18.558, 14.847, 15.366, 21.394, 20.761, 23.446, 16.872, 17.190, 26.687, 24.826, 18.335, 18.201, 21.023, 15.087, 16.007, 17.660, 23.407, 20.349)(18.835, 19.340, 17.491, 16.023, 16.297, 22.352, 20.240, 22.407, 15.912, 16.169, 21.766, 18.335, 23.017, 18.934, 22.075, 15.520, 17.302, 13.386, 22.687, 21.091)(14.684, 17.856, 21.087, 15.357, 15.307, 24.362, 21.941, 27.552, 18.019, 18.721, 21.648, 18.201, 18.934, 26.163, 20.653, 19.468, 19.701, 16.783, 24.574, 23.083)(21.990, 23.036, 19.741, 17.371, 18.413, 24.056, 23.899, 21.599, 18.135, 19.753, 24.546, 21.023, 22.075, 20.653, 28.746, 14.816, 17.291, 18.650, 25.282, 21.685)(11.897, 13.703, 16.855, 12.133, 13.002, 18.402, 17.519, 22.815, 14.915, 14.590, 17.778, 15.087, 15.520, 19.468, 14.816, 19.946, 15.507, 13.478, 18.655, 18.575)(13.375, 15.725, 19.418, 12.767, 13.692, 20.622, 20.932, 22.519, 15.754, 14.514, 19.348, 16.007, 17.302, 19.701, 17.291, 15.507, 20.906, 14.577, 20.394, 19.792)(16.317, 18.376, 18.560, 13.054, 16.669, 17.165, 19.392, 19.444, 16.034, 15.588, 19.382, 17.660, 13.386, 16.783, 18.650, 13.478, 14.577, 20.941, 19.745, 17.402)(20.297, 22.724, 23.025, 20.398, 17.970, 24.523, 26.658, 28.998, 17.675, 19.748, 29.226, 23.407, 22.687, 24.574, 25.282, 18.655, 20.394, 19.745, 33.357, 27.628)(17.244, 18.247, 21.408, 15.490, 16.816, 23.564, 20.330, 26.799, 17.098, 16.704, 26.412, 20.349, 21.091, 23.083, 21.685, 18.575, 19.792, 17.402, 27.628, 29.579))
   0.06713	[mu]: (2.231, 4.505, 3.840, -4.996, -4.972, 0.991, -3.778, -0.315, -0.230, 3.968, 0.286, 1.764, 0.244, -3.343, -4.342, -3.580, -3.589, 3.415, 3.807, 4.739)		[cov]: ((21.457, 21.246, 17.565, 16.657, 16.375, 18.584, 14.761, 22.568, 18.578, 16.740, 14.341, 16.155, 20.234, 15.902, 16.226, 16.561, 21.767, 16.407, 14.446, 18.118)(21.246, 33.789, 26.538, 22.089, 19.272, 25.599, 20.590, 28.785, 26.736, 21.839, 22.235, 22.401, 21.641, 20.459, 20.857, 23.867, 30.154, 21.659, 24.096, 24.481)(17.565, 26.538, 28.488, 20.579, 19.297, 23.482, 22.450, 25.192, 23.023, 19.967, 17.880, 20.502, 20.560, 18.884, 20.638, 21.983, 30.250, 21.594, 23.677, 25.518)(16.657, 22.089, 20.579, 24.677, 18.614, 18.771, 16.907, 24.865, 16.501, 17.799, 14.417, 19.127, 21.293, 17.319, 18.779, 22.318, 25.296, 19.217, 20.096, 21.301)(16.375, 19.272, 19.297, 18.614, 19.298, 16.539, 15.376, 21.454, 15.325, 15.300, 9.923, 14.026, 18.143, 13.907, 15.134, 17.566, 22.655, 15.894, 17.336, 17.568)(18.584, 25.599, 23.482, 18.771, 16.539, 30.136, 18.868, 27.165, 19.306, 22.835, 21.560, 20.619, 22.652, 19.034, 22.336, 19.822, 27.402, 21.758, 20.225, 25.972)(14.761, 20.590, 22.450, 16.907, 15.376, 18.868, 24.807, 20.623, 18.722, 17.155, 17.551, 18.212, 16.316, 15.300, 19.125, 18.420, 28.329, 18.397, 20.669, 22.066)(22.568, 28.785, 25.192, 24.865, 21.454, 27.165, 20.623, 34.115, 24.495, 23.351, 19.872, 20.896, 26.443, 22.781, 25.022, 25.496, 30.816, 22.402, 23.214, 28.046)(18.578, 26.736, 23.023, 16.501, 15.325, 19.306, 18.722, 24.495, 27.148, 18.654, 17.388, 17.331, 18.338, 19.297, 17.869, 19.797, 25.862, 17.468, 19.989, 22.188)(16.740, 21.839, 19.967, 17.799, 15.300, 22.835, 17.155, 23.351, 18.654, 25.689, 20.411, 20.004, 21.108, 20.613, 20.549, 19.192, 26.213, 18.486, 20.393, 22.021)(14.341, 22.235, 17.880, 14.417, 9.923, 21.560, 17.551, 19.872, 17.388, 20.411, 26.312, 20.526, 18.188, 16.941, 19.295, 17.519, 24.241, 17.962, 19.415, 18.989)(16.155, 22.401, 20.502, 19.127, 14.026, 20.619, 18.212, 20.896, 17.331, 20.004, 20.526, 26.063, 20.311, 17.620, 19.922, 21.725, 27.387, 20.493, 19.193, 21.780)(20.234, 21.641, 20.560, 21.293, 18.143, 22.652, 16.316, 26.443, 18.338, 21.108, 18.188, 20.311, 27.155, 19.405, 21.187, 22.238, 25.226, 20.475, 18.948, 23.187)(15.902, 20.459, 18.884, 17.319, 13.907, 19.034, 15.300, 22.781, 19.297, 20.613, 16.941, 17.620, 19.405, 22.946, 19.781, 17.578, 24.888, 16.420, 17.524, 20.816)(16.226, 20.857, 20.638, 18.779, 15.134, 22.336, 19.125, 25.022, 17.869, 20.549, 19.295, 19.922, 21.187, 19.781, 23.268, 20.631, 27.103, 18.604, 19.562, 21.648)(16.561, 23.867, 21.983, 22.318, 17.566, 19.822, 18.420, 25.496, 19.797, 19.192, 17.519, 21.725, 22.238, 17.578, 20.631, 24.868, 27.196, 20.514, 21.840, 22.360)(21.767, 30.154, 30.250, 25.296, 22.655, 27.402, 28.329, 30.816, 25.862, 26.213, 24.241, 27.387, 25.226, 24.888, 27.103, 27.196, 40.786, 26.876, 28.820, 31.669)(16.407, 21.659, 21.594, 19.217, 15.894, 21.758, 18.397, 22.402, 17.468, 18.486, 17.962, 20.493, 20.475, 16.420, 18.604, 20.514, 26.876, 21.735, 20.196, 23.829)(14.446, 24.096, 23.677, 20.096, 17.336, 20.225, 20.669, 23.214, 19.989, 20.393, 19.415, 19.193, 18.948, 17.524, 19.562, 21.840, 28.820, 20.196, 26.803, 22.390)(18.118, 24.481, 25.518, 21.301, 17.568, 25.972, 22.066, 28.046, 22.188, 22.021, 18.989, 21.780, 23.187, 20.816, 21.648, 22.360, 31.669, 23.829, 22.390, 33.101))
   0.01465	[mu]: (-1.211, -3.290, 4.441, -1.314, -2.907, 0.880, -0.339, 2.642, 4.011, 1.385, -0.521, -2.038, 3.694, -0.775, -2.240, -2.623, 2.935, -0.959, 3.802, 2.440)		[cov]: ((24.525, 18.040, 22.561, 17.059, 23.191, 22.327, 22.880, 18.206, 22.340, 18.255, 18.507, 22.362, 18.449, 19.179, 21.656, 22.115, 20.811, 14.740, 22.183, 17.788)(18.040, 21.926, 18.782, 19.185, 21.784, 22.342, 21.711, 17.818, 21.306, 17.535, 19.376, 20.310, 19.730, 17.429, 19.069, 20.971, 19.532, 12.472, 18.766, 18.448)(22.561, 18.782, 26.915, 17.914, 26.856, 21.498, 21.479, 17.375, 23.720, 17.773, 17.845, 22.333, 22.741, 18.649, 20.435, 24.207, 20.399, 14.394, 21.126, 19.172)(17.059, 19.185, 17.914, 24.131, 18.007, 19.284, 20.193, 17.460, 23.179, 17.038, 18.468, 21.672, 18.369, 16.600, 17.189, 21.050, 18.178, 11.204, 18.880, 16.278)(23.191, 21.784, 26.856, 18.007, 34.661, 25.101, 23.913, 19.989, 23.423, 22.015, 23.215, 23.012, 27.096, 21.443, 24.006, 25.183, 25.652, 17.162, 23.486, 22.080)(22.327, 22.342, 21.498, 19.284, 25.101, 31.368, 24.952, 21.518, 22.228, 20.306, 23.450, 24.814, 23.162, 21.277, 23.428, 22.955, 24.545, 14.539, 22.352, 21.167)(22.880, 21.711, 21.479, 20.193, 23.913, 24.952, 28.568, 20.435, 24.710, 21.130, 20.070, 24.887, 21.478, 19.039, 22.975, 22.653, 21.390, 16.748, 22.193, 18.821)(18.206, 17.818, 17.375, 17.460, 19.989, 21.518, 20.435, 23.067, 19.956, 16.092, 18.648, 18.870, 17.837, 15.587, 16.351, 18.451, 19.568, 13.158, 18.494, 15.154)(22.340, 21.306, 23.720, 23.179, 23.423, 22.228, 24.710, 19.956, 35.637, 20.837, 22.758, 27.017, 26.204, 17.294, 23.016, 23.833, 20.766, 14.593, 27.165, 18.132)(18.255, 17.535, 17.773, 17.038, 22.015, 20.306, 21.130, 16.092, 20.837, 24.156, 20.045, 19.891, 19.363, 16.271, 18.912, 16.857, 19.119, 14.756, 17.136, 16.486)(18.507, 19.376, 17.845, 18.468, 23.215, 23.450, 20.070, 18.648, 22.758, 20.045, 24.532, 20.814, 21.934, 17.619, 20.793, 20.087, 20.800, 12.596, 20.685, 17.571)(22.362, 20.310, 22.333, 21.672, 23.012, 24.814, 24.887, 18.870, 27.017, 19.891, 20.814, 28.946, 22.874, 21.672, 22.744, 23.453, 22.392, 14.963, 23.645, 19.962)(18.449, 19.730, 22.741, 18.369, 27.096, 23.162, 21.478, 17.837, 26.204, 19.363, 21.934, 22.874, 30.793, 18.218, 20.850, 21.829, 22.370, 13.906, 23.015, 18.371)(19.179, 17.429, 18.649, 16.600, 21.443, 21.277, 19.039, 15.587, 17.294, 16.271, 17.619, 21.672, 18.218, 22.004, 17.453, 19.714, 20.018, 13.018, 17.133, 18.881)(21.656, 19.069, 20.435, 17.189, 24.006, 23.428, 22.975, 16.351, 23.016, 18.912, 20.793, 22.744, 20.850, 17.453, 25.626, 21.552, 21.691, 13.273, 23.081, 15.960)(22.115, 20.971, 24.207, 21.050, 25.183, 22.955, 22.653, 18.451, 23.833, 16.857, 20.087, 23.453, 21.829, 19.714, 21.552, 27.781, 20.860, 12.863, 20.998, 20.588)(20.811, 19.532, 20.399, 18.178, 25.652, 24.545, 21.390, 19.568, 20.766, 19.119, 20.800, 22.392, 22.370, 20.018, 21.691, 20.860, 26.753, 14.991, 21.996, 19.838)(14.740, 12.472, 14.394, 11.204, 17.162, 14.539, 16.748, 13.158, 14.593, 14.756, 12.596, 14.963, 13.906, 13.018, 13.273, 12.863, 14.991, 13.554, 13.901, 12.394)(22.183, 18.766, 21.126, 18.880, 23.486, 22.352, 22.193, 18.494, 27.165, 17.136, 20.685, 23.645, 23.015, 17.133, 23.081, 20.998, 21.996, 13.901, 27.149, 16.155)(17.788, 18.448, 19.172, 16.278, 22.080, 21.167, 18.821, 15.154, 18.132, 16.486, 17.571, 19.962, 18.371, 18.881, 15.960, 20.588, 19.838, 12.394, 16.155, 21.546))
   0.00006	[mu]: (4.059, -1.646, 4.270, 0.570, -2.761, 4.417, 3.387, 0.177, -3.135, -4.066, -1.286, -1.418, -3.873, 2.186, -3.756, -1.064, 2.521, 2.207, -0.043, 1.318)		[cov]: ((24.704, 19.178, 16.440, 19.269, 17.321, 21.091, 17.635, 25.386, 23.583, 13.089, 19.140, 20.803, 17.992, 22.555, 17.687, 17.321, 20.261, 19.422, 20.263, 21.528)(19.178, 23.341, 17.782, 19.315, 18.680, 17.389, 15.396, 20.908, 23.618, 14.863, 15.994, 17.903, 17.581, 21.233, 17.050, 16.156, 18.454, 18.630, 21.605, 23.839)(16.440, 17.782, 23.387, 19.624, 19.159, 18.601, 15.398, 21.239, 19.994, 15.354, 18.519, 18.154, 17.802, 22.094, 21.050, 15.468, 20.733, 19.285, 18.691, 22.942)(19.269, 19.315, 19.624, 28.917, 21.509, 19.217, 17.346, 23.268, 25.757, 18.842, 19.982, 21.624, 18.376, 20.994, 23.756, 20.768, 18.734, 16.118, 24.366, 25.600)(17.321, 18.680, 19.159, 21.509, 23.439, 17.134, 14.397, 19.945, 21.512, 17.319, 19.192, 16.518, 15.680, 20.161, 19.820, 18.453, 18.485, 15.779, 20.757, 25.872)(21.091, 17.389, 18.601, 19.217, 17.134, 25.592, 19.099, 23.026, 23.367, 14.155, 21.477, 23.750, 19.371, 22.985, 17.164, 18.244, 22.383, 21.040, 21.936, 24.320)(17.635, 15.396, 15.398, 17.346, 14.397, 19.099, 23.110, 18.721, 20.280, 8.997, 19.610, 16.800, 17.994, 21.518, 15.619, 18.242, 18.377, 19.141, 18.579, 18.206)(25.386, 20.908, 21.239, 23.268, 19.945, 23.026, 18.721, 34.075, 28.199, 18.426, 21.817, 26.646, 22.955, 26.646, 23.146, 20.347, 25.234, 24.664, 23.682, 26.488)(23.583, 23.618, 19.994, 25.757, 21.512, 23.367, 20.280, 28.199, 34.950, 18.719, 20.533, 23.488, 21.458, 29.055, 21.133, 23.203, 22.486, 24.518, 26.088, 29.222)(13.089, 14.863, 15.354, 18.842, 17.319, 14.155, 8.997, 18.426, 18.719, 19.766, 13.749, 16.275, 15.479, 15.910, 15.071, 13.729, 17.102, 11.857, 19.838, 21.877)(19.140, 15.994, 18.519, 19.982, 19.192, 21.477, 19.610, 21.817, 20.533, 13.749, 24.745, 20.231, 17.367, 19.612, 18.790, 18.618, 19.356, 17.423, 19.326, 23.837)(20.803, 17.903, 18.154, 21.624, 16.518, 23.750, 16.800, 26.646, 23.488, 16.275, 20.231, 31.766, 20.311, 20.329, 20.348, 18.409, 25.429, 19.507, 23.204, 23.856)(17.992, 17.581, 17.802, 18.376, 15.680, 19.371, 17.994, 22.955, 21.458, 15.479, 17.367, 20.311, 22.531, 22.944, 16.968, 16.273, 21.926, 19.737, 22.814, 19.935)(22.555, 21.233, 22.094, 20.994, 20.161, 22.985, 21.518, 26.646, 29.055, 15.910, 19.612, 20.329, 22.944, 31.954, 19.226, 20.106, 25.395, 25.919, 23.075, 25.971)(17.687, 17.050, 21.050, 23.756, 19.820, 17.164, 15.619, 23.146, 21.133, 15.071, 18.790, 20.348, 16.968, 19.226, 26.618, 19.396, 19.064, 15.726, 19.224, 20.580)(17.321, 16.156, 15.468, 20.768, 18.453, 18.244, 18.242, 20.347, 23.203, 13.729, 18.618, 18.409, 16.273, 20.106, 19.396, 22.095, 18.367, 16.267, 19.933, 20.962)(20.261, 18.454, 20.733, 18.734, 18.485, 22.383, 18.377, 25.234, 22.486, 17.102, 19.356, 25.429, 21.926, 25.395, 19.064, 18.367, 30.050, 21.370, 23.545, 23.320)(19.422, 18.630, 19.285, 16.118, 15.779, 21.040, 19.141, 24.664, 24.518, 11.857, 17.423, 19.507, 19.737, 25.919, 15.726, 16.267, 21.370, 26.316, 20.167, 22.234)(20.263, 21.605, 18.691, 24.366, 20.757, 21.936, 18.579, 23.682, 26.088, 19.838, 19.326, 23.204, 22.814, 23.075, 19.224, 19.933, 23.545, 20.167, 30.116, 25.631)(21.528, 23.839, 22.942, 25.600, 25.872, 24.320, 18.206, 26.488, 29.222, 21.877, 23.837, 23.856, 19.935, 25.971, 20.580, 20.962, 23.320, 22.234, 25.631, 37.412))
   0.04743	[mu]: (4.992, -0.817, 3.959, 4.620, 0.102, -0.431, 3.771, -2.670, 2.095, -3.149, 3.330, 4.047, -3.496, -0.987, -4.128, -0.847, -4.461, 3.496, -3.121, 2.546)		[cov]: ((35.108, 27.955, 22.754, 22.408, 16.128, 28.337, 23.151, 24.505, 28.578, 24.082, 24.777, 21.991, 25.727, 28.381, 26.711, 19.674, 24.024, 25.975, 28.824, 20.391)(27.955, 33.102, 25.923, 21.937, 14.660, 27.352, 25.201, 20.871, 31.105, 23.994, 23.199, 20.527, 20.674, 30.903, 22.368, 20.939, 20.474, 27.826, 28.926, 21.437)(22.754, 25.923, 29.161, 20.772, 15.495, 25.219, 22.870, 21.696, 30.679, 21.649, 22.115, 18.157, 23.111, 28.265, 20.010, 20.832, 19.711, 25.170, 25.831, 18.798)(22.408, 21.937, 20.772, 24.481, 12.731, 21.802, 22.051, 20.875, 26.036, 21.486, 20.814, 16.417, 21.542, 24.046, 21.923, 17.852, 19.156, 20.777, 26.230, 17.803)(16.128, 14.660, 15.495, 12.731, 16.096, 15.206, 13.408, 13.058, 17.368, 14.869, 14.442, 12.199, 16.745, 16.023, 17.740, 13.620, 15.933, 14.825, 18.477, 13.417)(28.337, 27.352, 25.219, 21.802, 15.206, 29.505, 23.283, 22.054, 29.835, 23.200, 24.462, 19.762, 24.026, 27.706, 22.818, 19.452, 21.733, 24.810, 26.255, 21.224)(23.151, 25.201, 22.870, 22.051, 13.408, 23.283, 25.656, 21.529, 28.181, 21.980, 20.676, 19.074, 19.592, 27.090, 20.762, 18.193, 19.618, 22.625, 25.746, 19.558)(24.505, 20.871, 21.696, 20.875, 13.058, 22.054, 21.529, 27.056, 26.071, 18.051, 17.908, 19.030, 22.414, 25.342, 20.328, 17.551, 17.905, 22.250, 24.543, 17.915)(28.578, 31.105, 30.679, 26.036, 17.368, 29.835, 28.181, 26.071, 38.613, 27.390, 24.877, 24.160, 26.530, 32.565, 23.641, 24.703, 24.115, 30.014, 32.619, 22.948)(24.082, 23.994, 21.649, 21.486, 14.869, 23.200, 21.980, 18.051, 27.390, 29.414, 23.740, 17.868, 24.779, 24.466, 25.266, 19.548, 18.890, 22.026, 24.786, 17.777)(24.777, 23.199, 22.115, 20.814, 14.442, 24.462, 20.676, 17.908, 24.877, 23.740, 25.718, 16.420, 24.254, 24.546, 23.612, 18.734, 20.984, 22.675, 23.320, 19.217)(21.991, 20.527, 18.157, 16.417, 12.199, 19.762, 19.074, 19.030, 24.160, 17.868, 16.420, 21.747, 18.497, 23.055, 18.592, 16.644, 16.771, 21.217, 20.726, 13.685)(25.727, 20.674, 23.111, 21.542, 16.745, 24.026, 19.592, 22.414, 26.530, 24.779, 24.254, 18.497, 32.814, 25.416, 24.436, 20.144, 21.453, 23.071, 25.070, 18.263)(28.381, 30.903, 28.265, 24.046, 16.023, 27.706, 27.090, 25.342, 32.565, 24.466, 24.546, 23.055, 25.416, 38.019, 27.199, 22.422, 24.043, 29.742, 31.059, 21.094)(26.711, 22.368, 20.010, 21.923, 17.740, 22.818, 20.762, 20.328, 23.641, 25.266, 23.612, 18.592, 24.436, 27.199, 31.904, 19.958, 22.009, 21.732, 25.882, 18.367)(19.674, 20.939, 20.832, 17.852, 13.620, 19.452, 18.193, 17.551, 24.703, 19.548, 18.734, 16.644, 20.144, 22.422, 19.958, 19.517, 16.762, 22.072, 22.546, 16.012)(24.024, 20.474, 19.711, 19.156, 15.933, 21.733, 19.618, 17.905, 24.115, 18.890, 20.984, 16.771, 21.453, 24.043, 22.009, 16.762, 22.804, 20.491, 24.512, 18.115)(25.975, 27.826, 25.170, 20.777, 14.825, 24.810, 22.625, 22.250, 30.014, 22.026, 22.675, 21.217, 23.071, 29.742, 21.732, 22.072, 20.491, 30.083, 28.692, 19.011)(28.824, 28.926, 25.831, 26.230, 18.477, 26.255, 25.746, 24.543, 32.619, 24.786, 23.320, 20.726, 25.070, 31.059, 25.882, 22.546, 24.512, 28.692, 37.122, 21.985)(20.391, 21.437, 18.798, 17.803, 13.417, 21.224, 19.558, 17.915, 22.948, 17.777, 19.217, 13.685, 18.263, 21.094, 18.367, 16.012, 18.115, 19.011, 21.985, 21.311))
   0.06948	[mu]: (0.151, 3.923, -0.985, -3.474, 1.213, 3.561, 4.099, -3.764, -2.360, -2.573, 4.790, -3.355, 3.326, -2.217, -2.282, -0.626, -3.072, -1.856, -2.164, -2.999)		[cov]: ((24.289, 18.063, 14.994, 23.866, 18.249, 18.534, 20.967, 21.580, 16.720, 24.413, 16.884, 25.477, 14.587, 15.200, 20.578, 16.984, 19.373, 16.674, 15.102, 16.021)(18.063, 26.274, 15.676, 21.901, 16.358, 18.301, 19.523, 22.662, 16.793, 22.144, 16.287, 23.799, 15.954, 14.458, 20.935, 12.781, 18.942, 20.995, 16.226, 16.900)(14.994, 15.676, 18.516, 18.365, 16.815, 18.373, 14.312, 16.857, 15.461, 15.806, 15.774, 19.338, 15.421, 11.829, 17.990, 14.174, 13.828, 14.718, 14.759, 12.945)(23.866, 21.901, 18.365, 36.913, 24.428, 26.535, 22.600, 26.084, 26.592, 30.700, 22.309, 30.845, 22.136, 21.878, 27.867, 21.693, 24.356, 24.452, 25.034, 19.664)(18.249, 16.358, 16.815, 24.428, 24.431, 20.411, 16.701, 19.967, 18.857, 22.881, 19.036, 24.650, 20.430, 14.986, 23.483, 17.452, 18.173, 19.498, 19.874, 17.541)(18.534, 18.301, 18.373, 26.535, 20.411, 29.640, 19.008, 23.973, 19.460, 24.173, 19.525, 24.912, 20.249, 14.567, 22.155, 21.203, 16.932, 17.898, 18.905, 18.227)(20.967, 19.523, 14.312, 22.600, 16.701, 19.008, 27.428, 19.701, 13.792, 22.623, 17.313, 22.829, 15.697, 14.929, 22.182, 15.922, 17.396, 19.602, 16.679, 18.183)(21.580, 22.662, 16.857, 26.084, 19.967, 23.973, 19.701, 30.577, 20.825, 24.879, 20.838, 26.366, 18.400, 19.172, 22.293, 17.933, 20.342, 20.561, 16.751, 16.950)(16.720, 16.793, 15.461, 26.592, 18.857, 19.460, 13.792, 20.825, 25.225, 21.573, 20.071, 22.733, 16.808, 17.511, 21.275, 14.893, 18.727, 18.233, 21.288, 15.955)(24.413, 22.144, 15.806, 30.700, 22.881, 24.173, 22.623, 24.879, 21.573, 31.524, 19.832, 30.220, 20.165, 18.394, 26.166, 20.374, 23.597, 21.091, 20.275, 19.850)(16.884, 16.287, 15.774, 22.309, 19.036, 19.525, 17.313, 20.838, 20.071, 19.832, 23.525, 22.419, 17.040, 16.062, 21.419, 14.586, 17.092, 18.317, 18.196, 19.087)(25.477, 23.799, 19.338, 30.845, 24.650, 24.912, 22.829, 26.366, 22.733, 30.220, 22.419, 34.459, 20.405, 17.732, 27.627, 20.591, 22.737, 21.366, 19.088, 19.308)(14.587, 15.954, 15.421, 22.136, 20.430, 20.249, 15.697, 18.400, 16.808, 20.165, 17.040, 20.405, 23.630, 12.944, 21.113, 14.509, 15.338, 20.411, 19.106, 18.093)(15.200, 14.458, 11.829, 21.878, 14.986, 14.567, 14.929, 19.172, 17.511, 18.394, 16.062, 17.732, 12.944, 18.353, 18.074, 11.813, 17.147, 15.777, 16.003, 13.573)(20.578, 20.935, 17.990, 27.867, 23.483, 22.155, 22.182, 22.293, 21.275, 26.166, 21.419, 27.627, 21.113, 18.074, 27.541, 18.360, 20.412, 21.928, 22.110, 20.351)(16.984, 12.781, 14.174, 21.693, 17.452, 21.203, 15.922, 17.933, 14.893, 20.374, 14.586, 20.591, 14.509, 11.813, 18.360, 21.348, 14.317, 15.156, 13.168, 10.832)(19.373, 18.942, 13.828, 24.356, 18.173, 16.932, 17.396, 20.342, 18.727, 23.597, 17.092, 22.737, 15.338, 17.147, 20.412, 14.317, 23.634, 17.445, 18.717, 15.333)(16.674, 20.995, 14.718, 24.452, 19.498, 17.898, 19.602, 20.561, 18.233, 21.091, 18.317, 21.366, 20.411, 15.777, 21.928, 15.156, 17.445, 25.704, 19.332, 18.080)(15.102, 16.226, 14.759, 25.034, 19.874, 18.905, 16.679, 16.751, 21.288, 20.275, 18.196, 19.088, 19.106, 16.003, 22.110, 13.168, 18.717, 19.332, 26.081, 19.683)(16.021, 16.900, 12.945, 19.664, 17.541, 18.227, 18.183, 16.950, 15.955, 19.850, 19.087, 19.308, 18.093, 13.573, 20.351, 10.832, 15.333, 18.080, 19.683, 23.544))
   0.54841	[mu]: (-2.562, 4.104, 2.666, -2.767, 3.582, 2.384, -0.320, 0.074, -3.762, 4.130, 4.886, -3.576, 4.319, 2.925, -0.009, -0.933, -0.577, -3.577, 0.255, -4.372)		[cov]: ((18.626, 15.852, 21.252, 17.067, 13.716, 17.789, 15.988, 19.535, 10.997, 12.426, 17.521, 19.978, 18.115, 11.926, 15.772, 17.041, 16.807, 12.760, 15.122, 15.547)(15.852, 25.339, 26.552, 23.484, 19.434, 23.426, 20.037, 22.953, 15.881, 18.573, 17.082, 19.963, 20.131, 16.052, 17.930, 22.902, 22.939, 15.992, 19.548, 19.722)(21.252, 26.552, 41.726, 26.940, 24.332, 30.664, 25.491, 31.132, 24.314, 24.424, 23.254, 27.569, 26.215, 20.546, 25.951, 28.757, 28.132, 22.316, 23.859, 25.680)(17.067, 23.484, 26.940, 32.754, 23.362, 27.729, 22.756, 26.175, 20.057, 24.628, 23.052, 20.253, 27.457, 19.316, 23.181, 27.856, 29.519, 20.273, 26.983, 22.856)(13.716, 19.434, 24.332, 23.362, 24.818, 24.586, 16.390, 21.495, 18.659, 19.086, 17.099, 17.834, 16.913, 15.549, 15.117, 18.010, 24.214, 15.245, 20.774, 17.087)(17.789, 23.426, 30.664, 27.729, 24.586, 33.362, 22.748, 26.172, 21.279, 24.628, 22.961, 23.161, 24.915, 17.044, 21.757, 23.411, 27.387, 17.957, 22.881, 23.350)(15.988, 20.037, 25.491, 22.756, 16.390, 22.748, 25.965, 21.808, 16.288, 20.842, 19.504, 18.391, 22.018, 14.718, 21.321, 22.918, 20.836, 16.506, 18.067, 19.335)(19.535, 22.953, 31.132, 26.175, 21.495, 26.172, 21.808, 30.737, 19.857, 21.137, 22.952, 23.491, 23.560, 19.809, 21.924, 24.036, 27.237, 18.402, 23.928, 22.733)(10.997, 15.881, 24.314, 20.057, 18.659, 21.279, 16.288, 19.857, 22.116, 15.599, 13.789, 15.019, 17.943, 13.200, 16.302, 16.887, 18.777, 15.970, 17.200, 14.185)(12.426, 18.573, 24.424, 24.628, 19.086, 24.628, 20.842, 21.137, 15.599, 25.133, 19.743, 15.807, 20.100, 14.563, 20.806, 21.756, 25.139, 16.368, 21.690, 19.608)(17.521, 17.082, 23.254, 23.052, 17.099, 22.961, 19.504, 22.952, 13.789, 19.743, 24.820, 18.510, 23.235, 16.489, 19.273, 21.588, 23.132, 16.121, 20.844, 18.530)(19.978, 19.963, 27.569, 20.253, 17.834, 23.161, 18.391, 23.491, 15.019, 15.807, 18.510, 25.092, 18.893, 12.625, 18.136, 19.410, 20.165, 15.420, 16.805, 18.531)(18.115, 20.131, 26.215, 27.457, 16.913, 24.915, 22.018, 23.560, 17.943, 20.100, 23.235, 18.893, 30.055, 17.997, 23.318, 27.468, 23.948, 18.829, 22.811, 21.377)(11.926, 16.052, 20.546, 19.316, 15.549, 17.044, 14.718, 19.809, 13.200, 14.563, 16.489, 12.625, 17.997, 19.968, 13.701, 20.263, 20.411, 14.456, 17.198, 15.058)(15.772, 17.930, 25.951, 23.181, 15.117, 21.757, 21.321, 21.924, 16.302, 20.806, 19.273, 18.136, 23.318, 13.701, 23.925, 23.083, 21.785, 18.225, 20.206, 19.517)(17.041, 22.902, 28.757, 27.856, 18.010, 23.411, 22.918, 24.036, 16.887, 21.756, 21.588, 19.410, 27.468, 20.263, 23.083, 32.387, 25.398, 20.408, 23.003, 21.434)(16.807, 22.939, 28.132, 29.519, 24.214, 27.387, 20.836, 27.237, 18.777, 25.139, 23.132, 20.165, 23.948, 20.411, 21.785, 25.398, 32.580, 20.210, 26.297, 24.052)(12.760, 15.992, 22.316, 20.273, 15.245, 17.957, 16.506, 18.402, 15.970, 16.368, 16.121, 15.420, 18.829, 14.456, 18.225, 20.408, 20.210, 19.569, 17.048, 14.245)(15.122, 19.548, 23.859, 26.983, 20.774, 22.881, 18.067, 23.928, 17.200, 21.690, 20.844, 16.805, 22.811, 17.198, 20.206, 23.003, 26.297, 17.048, 25.315, 19.352)(15.547, 19.722, 25.680, 22.856, 17.087, 23.350, 19.335, 22.733, 14.185, 19.608, 18.530, 18.531, 21.377, 15.058, 19.517, 21.434, 24.052, 14.245, 19.352, 23.650))
   0.00013	[mu]: (-1.673, -2.991, -2.577, 4.522, -4.988, 1.164, 4.497, 0.324, -0.903, -1.368, -3.907, -3.066, 4.158, -1.858, 4.288, -0.399, -1.188, 0.767, 1.508, 1.718)		[cov]: ((22.924, 15.391, 16.776, 23.340, 18.994, 19.843, 19.108, 14.654, 13.878, 19.736, 13.918, 14.790, 20.557, 21.513, 20.552, 18.004, 20.187, 16.858, 18.771, 14.278)(15.391, 21.694, 18.769, 22.049, 15.361, 18.479, 18.543, 12.995, 13.868, 14.518, 11.469, 19.533, 19.745, 20.427, 20.480, 16.081, 17.214, 13.226, 15.522, 13.501)(16.776, 18.769, 31.630, 26.863, 22.484, 25.770, 26.407, 18.706, 17.430, 23.434, 15.997, 23.945, 23.435, 23.891, 24.039, 21.803, 22.177, 19.546, 18.243, 14.537)(23.340, 22.049, 26.863, 35.617, 26.051, 28.257, 25.337, 19.983, 16.132, 25.372, 17.546, 23.022, 27.348, 28.955, 27.116, 23.442, 26.218, 23.735, 22.989, 16.929)(18.994, 15.361, 22.484, 26.051, 28.257, 23.273, 20.629, 15.698, 12.158, 20.797, 14.715, 19.243, 24.560, 22.470, 19.414, 22.552, 22.705, 21.218, 18.786, 13.695)(19.843, 18.479, 25.770, 28.257, 23.273, 33.655, 20.573, 16.443, 16.028, 24.332, 16.547, 22.756, 25.313, 27.752, 22.293, 23.501, 22.049, 20.880, 22.970, 18.517)(19.108, 18.543, 26.407, 25.337, 20.629, 20.573, 28.249, 17.867, 15.629, 20.941, 14.668, 20.159, 22.449, 21.772, 25.248, 21.556, 22.689, 17.498, 16.898, 12.674)(14.654, 12.995, 18.706, 19.983, 15.698, 16.443, 17.867, 17.588, 13.961, 15.834, 10.547, 15.250, 18.443, 18.552, 15.935, 15.891, 17.665, 13.340, 13.944, 12.911)(13.878, 13.868, 17.430, 16.132, 12.158, 16.028, 15.629, 13.961, 15.193, 14.417, 9.421, 15.609, 16.829, 18.173, 15.735, 14.494, 14.215, 10.646, 14.569, 12.716)(19.736, 14.518, 23.434, 25.372, 20.797, 24.332, 20.941, 15.834, 14.417, 29.431, 17.691, 17.220, 19.787, 22.675, 21.915, 22.479, 20.121, 18.571, 22.439, 17.383)(13.918, 11.469, 15.997, 17.546, 14.715, 16.547, 14.668, 10.547, 9.421, 17.691, 15.568, 11.901, 13.715, 15.173, 15.128, 13.150, 15.766, 13.482, 12.786, 11.683)(14.790, 19.533, 23.945, 23.022, 19.243, 22.756, 20.159, 15.250, 15.609, 17.220, 11.901, 22.797, 23.024, 22.039, 20.346, 19.021, 18.259, 16.615, 17.351, 14.119)(20.557, 19.745, 23.435, 27.348, 24.560, 25.313, 22.449, 18.443, 16.829, 19.787, 13.715, 23.024, 30.646, 26.843, 19.702, 23.356, 21.818, 21.299, 22.017, 17.432)(21.513, 20.427, 23.891, 28.955, 22.470, 27.752, 21.772, 18.552, 18.173, 22.675, 15.173, 22.039, 26.843, 30.655, 22.206, 23.501, 21.299, 19.214, 23.723, 18.060)(20.552, 20.480, 24.039, 27.116, 19.414, 22.293, 25.248, 15.935, 15.735, 21.915, 15.128, 20.346, 19.702, 22.206, 30.312, 20.012, 23.421, 16.840, 18.135, 13.550)(18.004, 16.081, 21.803, 23.442, 22.552, 23.501, 21.556, 15.891, 14.494, 22.479, 13.150, 19.021, 23.356, 23.501, 20.012, 28.485, 19.503, 17.431, 20.941, 15.621)(20.187, 17.214, 22.177, 26.218, 22.705, 22.049, 22.689, 17.665, 14.215, 20.121, 15.766, 18.259, 21.818, 21.299, 23.421, 19.503, 25.998, 17.803, 18.652, 15.499)(16.858, 13.226, 19.546, 23.735, 21.218, 20.880, 17.498, 13.340, 10.646, 18.571, 13.482, 16.615, 21.299, 19.214, 16.840, 17.431, 17.803, 20.981, 16.403, 11.472)(18.771, 15.522, 18.243, 22.989, 18.786, 22.970, 16.898, 13.944, 14.569, 22.439, 12.786, 17.351, 22.017, 23.723, 18.135, 20.941, 18.652, 16.403, 25.062, 17.714)(14.278, 13.501, 14.537, 16.929, 13.695, 18.517, 12.674, 12.911, 12.716, 17.383, 11.683, 14.119, 17.432, 18.060, 13.550, 15.621, 15.499, 11.472, 17.714, 17.817))
   0.03415	[mu]: (-3.541, 4.616, -2.004, -1.955, 2.333, -2.259, -0.899, 2.758, -4.102, -3.145, 1.322, 1.051, 0.559, -1.919, -0.250, -2.712, 4.534, 2.674, 1.990, -0.331)		[cov]: ((14.350, 11.427, 15.783, 16.821, 15.799, 13.675, 12.579, 12.454, 18.408, 13.951, 17.975, 14.412, 9.051, 15.288, 15.987, 16.010, 19.417, 16.634, 12.460, 17.145)(11.427, 20.221, 19.347, 18.937, 18.130, 16.069, 16.572, 15.568, 22.195, 16.551, 20.852, 18.139, 12.258, 17.035, 17.951, 20.692, 19.006, 22.106, 13.160, 20.176)(15.783, 19.347, 29.033, 24.165, 24.075, 19.746, 18.364, 20.776, 26.669, 18.742, 24.995, 19.754, 16.911, 22.798, 22.513, 26.068, 27.092, 22.767, 18.096, 23.917)(16.821, 18.937, 24.165, 31.741, 27.586, 17.425, 18.943, 18.680, 31.466, 21.151, 25.564, 22.801, 13.974, 27.118, 26.398, 24.832, 26.749, 25.861, 20.106, 26.383)(15.799, 18.130, 24.075, 27.586, 31.623, 19.562, 18.315, 18.650, 29.573, 19.149, 26.387, 20.687, 17.069, 23.663, 24.151, 25.393, 25.538, 26.338, 20.157, 28.615)(13.675, 16.069, 19.746, 17.425, 19.562, 21.233, 15.755, 16.394, 20.669, 16.687, 19.687, 16.320, 14.113, 17.783, 17.648, 21.016, 21.653, 21.625, 15.101, 21.129)(12.579, 16.572, 18.364, 18.943, 18.315, 15.755, 20.328, 10.888, 21.581, 15.454, 20.790, 18.273, 12.167, 16.439, 18.817, 18.159, 21.331, 20.836, 15.163, 21.696)(12.454, 15.568, 20.776, 18.680, 18.650, 16.394, 10.888, 20.673, 22.113, 16.304, 18.626, 15.799, 12.408, 17.459, 16.520, 20.816, 20.524, 18.041, 14.925, 17.923)(18.408, 22.195, 26.669, 31.466, 29.573, 20.669, 21.581, 22.113, 38.963, 25.166, 29.325, 28.719, 17.322, 27.144, 29.035, 25.568, 27.268, 29.348, 24.403, 30.254)(13.951, 16.551, 18.742, 21.151, 19.149, 16.687, 15.454, 16.304, 25.166, 20.972, 20.648, 20.102, 12.227, 20.391, 20.806, 20.537, 21.278, 21.671, 18.921, 22.404)(17.975, 20.852, 24.995, 25.564, 26.387, 19.687, 20.790, 18.626, 29.325, 20.648, 32.263, 23.464, 17.423, 24.010, 23.783, 23.705, 26.764, 28.590, 17.892, 27.709)(14.412, 18.139, 19.754, 22.801, 20.687, 16.320, 18.273, 15.799, 28.719, 20.102, 23.464, 26.828, 13.099, 19.291, 23.585, 20.225, 21.721, 25.564, 18.731, 23.420)(9.051, 12.258, 16.911, 13.974, 17.069, 14.113, 12.167, 12.408, 17.322, 12.227, 17.423, 13.099, 14.981, 14.194, 14.265, 14.883, 16.575, 16.625, 10.481, 15.900)(15.288, 17.035, 22.798, 27.118, 23.663, 17.783, 16.439, 17.459, 27.144, 20.391, 24.010, 19.291, 14.194, 29.067, 24.128, 22.939, 23.918, 23.606, 17.434, 22.753)(15.987, 17.951, 22.513, 26.398, 24.151, 17.648, 18.817, 16.520, 29.035, 20.806, 23.783, 23.585, 14.265, 24.128, 27.330, 24.680, 25.616, 25.878, 19.246, 26.122)(16.010, 20.692, 26.068, 24.832, 25.393, 21.016, 18.159, 20.816, 25.568, 20.537, 23.705, 20.225, 14.883, 22.939, 24.680, 30.554, 27.308, 27.400, 19.948, 26.957)(19.417, 19.006, 27.092, 26.749, 25.538, 21.653, 21.331, 20.524, 27.268, 21.278, 26.764, 21.721, 16.575, 23.918, 25.616, 27.308, 33.549, 24.541, 20.333, 27.499)(16.634, 22.106, 22.767, 25.861, 26.338, 21.625, 20.836, 18.041, 29.348, 21.671, 28.590, 25.564, 16.625, 23.606, 25.878, 27.400, 24.541, 37.996, 19.894, 28.238)(12.460, 13.160, 18.096, 20.106, 20.157, 15.101, 15.163, 14.925, 24.403, 18.921, 17.892, 18.731, 10.481, 17.434, 19.246, 19.948, 20.333, 19.894, 23.022, 23.167)(17.145, 20.176, 23.917, 26.383, 28.615, 21.129, 21.696, 17.923, 30.254, 22.404, 27.709, 23.420, 15.900, 22.753, 26.122, 26.957, 27.499, 28.238, 23.167, 32.905))
