   0.24889	[mu]: (-4.285, -0.768, 2.975, 0.258, 2.879)		[cov]: ((4.798, 1.926, 4.329, 4.353, 3.381)(1.926, 4.420, 4.485, 2.673, 4.365)(4.329, 4.485, 9.535, 6.607, 7.672)(4.353, 2.673, 6.607, 7.191, 4.648)(3.381, 4.365, 7.672, 4.648, 6.571))
   0.23996	[mu]: (2.564, -0.327, -0.494, 0.995, -2.310)		[cov]: ((10.998, 5.027, 6.241, 5.355, 8.051)(5.027, 4.201, 2.139, 2.225, 4.104)(6.241, 2.139, 5.983, 3.288, 4.819)(5.355, 2.225, 3.288, 4.147, 5.287)(8.051, 4.104, 4.819, 5.287, 7.755))
   0.11025	[mu]: (2.334, 4.787, 4.010, -2.155, -1.430)		[cov]: ((13.832, 6.414, 9.686, 5.856, 9.909)(6.414, 5.885, 4.212, 2.788, 7.542)(9.686, 4.212, 6.865, 3.878, 6.654)(5.856, 2.788, 3.878, 4.024, 4.244)(9.909, 7.542, 6.654, 4.244, 10.085))
   0.31144	[mu]: (0.564, -3.982, 2.200, 1.926, -4.420)		[cov]: ((7.177, 3.582, 4.922, 3.992, 4.028)(3.582, 2.545, 3.211, 2.685, 2.178)(4.922, 3.211, 4.547, 4.042, 2.873)(3.992, 2.685, 4.042, 4.713, 3.488)(4.028, 2.178, 2.873, 3.488, 3.876))
   0.08946	[mu]: (-1.083, -0.724, 2.924, -1.645, 3.028)		[cov]: ((7.207, 3.484, 4.317, 4.910, 6.048)(3.484, 3.626, 2.383, 3.876, 3.948)(4.317, 2.383, 3.470, 2.890, 4.019)(4.910, 3.876, 2.890, 4.699, 4.661)(6.048, 3.948, 4.019, 4.661, 7.809))
