   0.01262	[mu]: (1.786, -0.012, -1.585)		[cov]: ((0.911, 0.877, 1.637)(0.877, 2.729, 1.206)(1.637, 1.206, 3.016))
   0.00762	[mu]: (-1.298, -1.867, 4.544)		[cov]: ((2.852, 3.643, 1.022)(3.643, 7.567, 3.690)(1.022, 3.690, 2.329))
   0.04474	[mu]: (-4.203, 4.437, -1.548)		[cov]: ((3.594, 1.901, 3.739)(1.901, 1.018, 1.901)(3.739, 1.901, 5.849))
   0.07111	[mu]: (-4.826, -4.686, 4.952)		[cov]: ((5.352, 4.017, 4.247)(4.017, 3.327, 2.599)(4.247, 2.599, 4.529))
   0.07120	[mu]: (-2.505, 2.411, -4.701)		[cov]: ((3.828, 4.755, 2.571)(4.755, 6.015, 3.817)(2.571, 3.817, 5.481))
   0.09470	[mu]: (-0.101, 1.153, -1.826)		[cov]: ((0.811, 0.556, 1.697)(0.556, 2.732, 3.734)(1.697, 3.734, 6.815))
   0.15076	[mu]: (-1.452, 0.784, -4.245)		[cov]: ((2.246, 2.401, 1.904)(2.401, 3.082, 0.869)(1.904, 0.869, 6.277))
   0.35490	[mu]: (-1.256, 1.383, -0.414)		[cov]: ((1.214, 0.648, 1.955)(0.648, 3.124, 1.079)(1.955, 1.079, 4.275))
   0.08686	[mu]: (3.367, 4.612, -4.615)		[cov]: ((0.805, 1.395, 2.454)(1.395, 2.729, 4.550)(2.454, 4.550, 8.551))
   0.10550	[mu]: (3.054, 0.244, 2.321)		[cov]: ((2.915, 1.036, 3.082)(1.036, 0.507, 1.158)(3.082, 1.158, 4.610))
